1226158,46.82,-15828,560,404
1226176,46.39,-15588,552,560
1226194,46.37,-15676,416,300
1226212,46.37,-15684,528,288
1226230,46.39,-15740,544,296
1226248,46.37,-16004,584,324
1226266,46.37,-15436,428,296
1226284,46.39,-15684,452,416
1226302,46.37,-15524,572,824
1226320,46.39,-15964,552,316
1226338,46.39,-16060,496,-4
1226356,46.39,-15700,500,608
1226374,46.80,-15784,544,228
1226392,46.39,-15560,448,748
1226410,46.37,-15968,496,512
1226428,46.39,-16748,1068,468
1226446,46.39,-14772,276,1744
1226464,45.98,-15180,3412,1228
1226482,46.37,-11068,7736,1064
1226500,45.38,-9752,7352,1372
1226518,45.96,-7652,7868,504
1226536,45.98,-10708,8852,-452
1226553,44.14,-9044,8436,-12
1226570,43.13,-10668,8716,-52
1226587,41.98,-11144,9004,-132
1226604,41.28,-11128,8404,-184
1226621,41.28,-12660,9196,-124
1226638,39.65,-13408,9292,-96
1226655,38.72,-13256,8716,-64
1226672,37.78,-14940,9104,-376
1226689,36.84,-15972,8948,-456
1227702,0.00,-23096,476,-8
1227719,29.88,-22972,1536,-60
1227736,30.37,-22392,2480,-44
1227753,30.63,-22364,3436,92
1227770,30.63,-21856,4312,88
1227787,31.95,-18260,4316,268
1227804,31.68,-22272,6232,-144
1227821,32.74,-22068,7388,-200
1227838,33.53,-17104,6588,416
1227855,34.32,-19184,8084,312
1227872,35.11,-18104,8364,196
1227889,36.39,-15592,7984,424
1227906,36.86,-16140,9000,476
1227923,37.32,-14940,8792,288
1227940,38.26,-13496,8468,400
1227957,39.87,-13220,8992,212
1227974,39.87,-12444,9072,252
1227991,40.58,-11308,8484,408
1229004,0.00,-9940,-6796,904
1229021,41.52,-11500,-7260,636
1229038,42.22,-12204,-7596,536
1229055,40.82,-11808,-7188,540
1229072,40.13,-12684,-7424,916
1229089,39.43,-13560,-7428,668
1229106,38.26,-13972,-7204,580
1229123,38.26,-14968,-7424,580
1229140,36.63,-15484,-7080,596
1229157,36.17,-16212,-6820,632
1229174,35.38,-17304,-6608,516
1229191,34.61,-17888,-6204,404
1229208,33.79,-18516,-5708,600
1229225,33.00,-19632,-5308,440
1229242,31.95,-20168,-4728,340
1229259,32.22,-20500,-3940,616
1229276,31.69,-21408,-3164,204
1229293,30.39,-21600,-2320,296
1229310,30.12,-21752,-1392,240
1229327,30.37,-22432,-556,124
1229344,30.65,-22556,296,84
1229361,29.88,-21964,1332,84
1229378,30.39,-22056,2324,-8
1229395,30.65,-21988,3096,152
1229412,30.90,-21052,3840,128
1229429,31.42,-20704,4804,24
1229446,31.95,-17476,4728,648
1229463,33.00,-20116,6160,84
1229480,33.25,-20140,7144,-168
1229497,34.85,-16684,6736,52
1229514,34.32,-18100,7816,84
1229531,36.39,-17008,8072,88
1229548,36.39,-14892,7668,148
1229565,38.02,-15508,8500,144
1229582,37.54,-14236,8296,88
1229599,39.19,-13000,8208,236
1229616,39.87,-12856,8708,116
1229633,40.58,-12020,8428,280
1229650,40.83,-11428,8264,228
1229667,42.21,-10992,8288,244
1229684,42.67,-10520,8296,192
1229701,42.67,-10196,8196,180
1229719,44.76,-9816,8204,252
1229737,44.56,-7464,5812,564
1229754,42.45,-14108,11040,-504
1229771,44.14,-13876,11820,-428
1229788,43.12,-4452,4904,1008
1229805,43.32,-10324,8652,-608
1229822,42.21,-12140,10260,-32
1229839,42.67,-8192,6724,196
1229856,41.74,-10180,7920,200
1229873,40.35,-13644,10136,-744
1229890,40.58,-10128,7096,-228
1229907,39.89,-13024,8796,-112
1229924,38.72,-14252,9276,-152
1229941,37.58,-11772,7216,16
1229958,38.02,-15976,8976,-296
1229975,36.41,-16280,8720,-136
1229992,35.64,-14372,7144,144
1230009,35.65,-18260,8220,-164
1230026,34.06,-18464,7420,-124
1230043,33.27,-17020,6124,96
1230060,33.00,-20516,6508,-156
1230077,31.97,-20560,5544,-144
1230094,31.42,-19756,4444,140
1230111,31.44,-21976,4100,144
1230128,30.65,-21856,3188,148
1230145,30.90,-21188,2044,116
1230162,29.86,-22996,1332,52
1230179,29.86,-22112,260,120
1230196,30.39,-21404,-736,276
1230213,30.92,-22456,-1580,332
1230230,30.37,-21716,-2560,408
1230247,31.16,-20572,-3172,220
1230264,31.71,-21048,-4072,556
1230281,32.22,-20300,-4696,400
1230298,33.27,-18828,-5248,588
1230315,33.55,-18492,-5832,488
1230332,33.80,-18344,-6540,824
1230349,34.59,-17200,-6888,640
1230366,36.17,-16204,-6904,740
1230383,36.17,-14892,-6856,744
1230400,36.87,-15372,-7556,684
1230417,38.02,-13888,-7324,704
1230434,38.72,-13024,-7144,808
1230451,39.43,-13084,-7628,720
1230468,39.65,-12260,-7292,824
1230485,40.58,-11508,-7156,784
1230502,41.04,-11184,-7004,368
1230519,41.06,-13168,-8640,480
1230536,41.30,-10668,-7220,816
1230553,41.52,-7880,-5628,952
1230570,42.45,-12160,-8036,656
1230587,42.45,-11436,-7112,352
1230604,41.98,-10268,-6700,376
1230621,42.24,-11232,-7520,904
1230638,41.52,-11060,-7188,1096
1230655,40.82,-10756,-6936,748
1230672,40.35,-12256,-7308,832
1230689,40.58,-12788,-7348,668
1230706,39.20,-12236,-6804,912
1230723,38.96,-13460,-7264,808
1230740,38.26,-14136,-7220,732
1230757,37.10,-14320,-6708,712
1230774,36.41,-15760,-6924,676
1230791,36.41,-15996,-6520,796
1230808,34.85,-16440,-6012,728
1230825,34.08,-17876,-6028,536
1230842,33.80,-18256,-5512,784
1230859,33.01,-18568,-4952,620
1230876,31.97,-19524,-4456,556
1230893,31.44,-20308,-3784,556
1230910,30.92,-20536,-2960,456
1230927,30.92,-21036,-2344,460
1230944,30.13,-21512,-1620,372
1230961,30.39,-21800,-772,464
1230978,29.88,-21740,100,528
1230995,30.66,-21716,1020,476
1231012,29.88,-21672,1772,444
1231029,30.92,-21296,2588,140
1231046,31.18,-20948,3424,256
1231063,31.18,-20784,4352,304
1231080,31.16,-19740,4740,360
1231097,31.69,-20568,6072,124
1231114,32.76,-19724,6220,608
1231131,33.01,-17600,6252,560
1231148,34.61,-17324,6680,320
1231165,35.38,-17256,7552,92
1231182,35.64,-15732,7332,76
1231199,36.39,-14952,7612,96
1231216,38.04,-14572,8212,180
1231233,37.56,-13624,8068,180
1231250,38.26,-13080,7924,188
1231267,40.11,-12844,8300,188
1231284,39.89,-11712,7948,104
1231301,40.83,-11376,7964,64
1231318,41.76,-11388,8080,-44
1231335,41.30,-10628,7844,180
1231352,41.98,-10328,7980,4
1231369,42.24,-10412,7936,-24
1231386,41.52,-10148,7828,68
1231403,41.54,-9908,7732,-132
1231420,41.52,-8612,5888,96
1231437,41.28,-12568,9860,120
1231454,41.04,-10412,8072,-1920
1231471,40.80,-6752,4812,356
1231488,40.34,-15692,10912,-680
1231505,39.89,-10932,7668,12
1231522,40.11,-9012,6312,444
1231539,38.26,-15232,10016,-556
1231556,38.02,-12424,7632,-448
1231573,37.32,-12440,7344,-296
1231590,36.17,-15972,8980,-364
1231607,37.08,-14144,7476,-304
1231624,35.11,-15428,7376,-332
1231641,34.32,-18304,8132,-364
1231658,34.06,-16340,6764,-28
1231675,33.80,-17924,6616,-348
1231692,32.74,-20540,6608,-232
1231709,31.69,-18344,5136,-52
1231726,31.16,-20104,4748,-324
1231743,31.16,-21876,4356,-220
1231760,30.37,-19984,3116,-192
1231777,30.10,-21268,2448,0
1231794,30.37,-22660,1596,-68
1231811,29.88,-20892,596,-12
1231828,29.89,-21492,-196,220
1231845,30.37,-22084,-1092,48
1231862,30.65,-20864,-2008,352
1231879,30.90,-21008,-2808,328
1231896,30.90,-20924,-3496,340
1231913,31.42,-19700,-4128,508
1231930,31.95,-19348,-4772,572
1231947,33.00,-18900,-5436,584
1231964,33.27,-17388,-5632,568
1231981,34.33,-17768,-6256,680
1231998,34.59,-17376,-7060,924
1232015,35.38,-15168,-6464,676
1232032,36.86,-14700,-6776,752
1232049,37.54,-15280,-7436,824
1232066,38.24,-13492,-6944,708
1232083,38.48,-12588,-6796,956
1232100,38.26,-13304,-7612,924
1232117,39.19,-12108,-7104,784
1232134,39.65,-11464,-6936,896
1232151,40.82,-10528,-6052,568
1232168,40.35,-13268,-8300,720
1232185,40.59,-11472,-7420,1120
1232202,41.50,-8444,-5760,1060
1232219,41.52,-11400,-7448,884
1232236,41.50,-11820,-7204,628
1232253,40.58,-10948,-6856,536
1232270,40.35,-11352,-7128,1000
1232287,40.82,-11812,-7300,1080
1232304,39.65,-11268,-6640,780
1232321,39.19,-12688,-6996,764
1232338,39.87,-13784,-7264,708
1232355,38.04,-12820,-6592,868
1232372,38.26,-13888,-6824,844
1232389,37.56,-15072,-6904,932
1232406,37.32,-14916,-6324,772
1232423,35.36,-16096,-6348,928
1232440,35.11,-16760,-6028,980
1232457,34.33,-16916,-5528,844
1232474,33.27,-18124,-5248,880
1232491,33.01,-18800,-4956,824
1232508,32.46,-18796,-4244,816
1232525,31.44,-19784,-3744,896
1232542,31.44,-20196,-3016,824
1232559,31.44,-20044,-2292,764
1232576,30.65,-21068,-1524,704
1232593,30.39,-21552,-776,604
1232610,29.91,-20948,32,628
1232627,29.88,-21200,876,408
1232644,29.86,-21396,1728,528
1232661,30.39,-20996,2416,372
1232678,30.65,-21080,3112,296
1232695,31.44,-20556,3980,172
1232712,32.22,-19476,4572,560
1232729,31.42,-18052,4788,852
1232746,31.95,-19276,5944,556
1232763,33.01,-18396,6352,272
1232780,33.27,-16408,6404,496
1232797,34.32,-17868,7232,60
1232814,35.89,-16232,7284,8
1232831,36.15,-14860,7088,-40
1232848,36.86,-15580,7984,40
1232865,37.54,-13748,7624,36
1232882,37.80,-13192,7576,24
1232899,38.02,-13476,8216,52
1232916,39.43,-12040,7568,-88
1232933,39.19,-11856,7860,-32
1232950,39.65,-11964,7996,68
1232967,40.83,-11008,7664,-32
1232984,40.37,-10856,7784,-156
1233001,40.59,-10900,7840,-96
1233018,41.52,-10576,7492,-28
1233035,41.98,-10604,7584,-36
1233052,41.52,-7516,5248,-8
1233069,41.76,-14088,10460,324
1233086,40.35,-13548,9416,-1388
1233103,41.28,-5884,4840,880
1233120,39.65,-14628,10164,-1096
1233137,39.20,-13596,8876,-940
1233154,38.72,-8916,6156,-260
1233171,38.98,-13452,8384,-288
1233188,37.56,-15004,8704,-888
1233205,36.87,-11916,6676,-396
1233222,36.63,-15064,8012,-428
1233239,36.39,-16144,8288,-440
1233256,34.87,-14184,6616,-532
1233273,34.59,-17556,7404,-656
1233290,33.53,-17632,6952,-364
1233307,33.27,-16272,5928,-560
1233324,32.22,-19872,6236,-384
1233341,31.69,-19276,5248,-168
1233358,31.18,-18272,4408,-436
1233375,31.18,-21256,4232,-272
1233392,30.90,-20640,3324,-212
1233409,30.65,-19712,2336,-120
1233426,30.39,-22004,1856,-180
1233443,29.88,-20948,892,28
1233460,29.91,-20500,88,112
1233477,30.39,-21836,-720,32
1233494,30.13,-20792,-1480,196
1233511,30.41,-20228,-2324,328
1233528,31.18,-20868,-3212,332
1233545,31.20,-19560,-3660,632
1233562,31.71,-19028,-4324,696
1233579,32.24,-19068,-5028,716
1233596,33.31,-17672,-5364,808
1233613,34.33,-16640,-5408,592
1233630,34.08,-17836,-6304,780
1233647,35.12,-16548,-6592,1052
1233664,35.91,-14448,-6208,900
1233681,36.87,-14924,-6652,872
1233698,37.10,-14828,-7192,892
1233715,36.86,-13140,-6656,1020
1233732,37.82,-12612,-6780,968
1233749,38.72,-13220,-7148,1192
1233766,39.19,-12008,-6852,1028
1233783,39.19,-11048,-6020,1124
1233800,39.43,-13192,-7912,616
1233817,39.67,-12500,-7440,1208
1233834,41.06,-9108,-5952,1036
1233851,39.91,-10952,-6724,968
1233868,41.06,-12796,-7460,772
1233885,40.13,-11240,-6448,600
1233902,40.35,-11284,-6516,916
1233919,39.67,-12536,-7272,1104
1233936,38.50,-11184,-6384,1052
1233953,38.48,-12616,-6664,900
1233970,38.02,-14104,-7200,828
1233987,37.10,-12612,-6308,1084
1234004,37.34,-13952,-6668,928
1234021,37.10,-15240,-6680,1004
1234038,35.64,-14868,-5984,896
1234055,35.40,-15812,-5976,1092
1234072,34.35,-16940,-5904,740
1234089,34.08,-16604,-5404,1016
1234106,33.53,-17604,-5020,1000
1234123,32.50,-18524,-4652,996
1234140,32.76,-18784,-4100,940
1234157,31.44,-19320,-3540,740
1234174,30.92,-20036,-3016,736
1234191,31.44,-19944,-2292,800
1234208,30.65,-20660,-1496,936
1234225,30.89,-21008,-716,764
1234242,29.86,-20656,-28,812
1234259,30.65,-20792,680,652
1234276,29.88,-20676,1544,516
1234293,30.39,-20320,2368,472
1234310,30.13,-20532,2892,416
1234327,30.90,-20224,3744,280
1234344,31.18,-19396,4376,296
1234361,31.20,-18804,4868,696
1234378,31.71,-19356,5592,368
1234395,33.55,-18176,5972,112
1234412,33.29,-16656,6080,308
1234429,33.55,-17720,6932,168
1234446,34.59,-16244,7000,36
1234463,35.65,-14972,6972,8
1234480,35.93,-15556,7744,64
1234497,36.17,-14072,7304,-56
1234514,37.56,-13364,7464,-96
1234531,37.35,-13688,8000,-176
1234548,38.28,-12456,7528,-196
1234565,39.20,-12228,7592,-204
1234582,39.20,-12212,7812,-164
1234599,39.20,-11200,7500,-392
1234616,39.89,-11464,7600,-152
1234633,40.13,-11220,7544,-144
1234650,39.89,-10664,7464,-152
1234667,40.35,-7836,5152,-248
1234684,39.87,-13172,9300,412
1234701,40.59,-11268,8260,-852
1234718,39.65,-7300,4788,-152
1234735,40.58,-15292,9872,-820
1234752,39.41,-11216,7288,-328
1234769,39.43,-9172,5968,8
1234786,38.50,-15736,9232,-1056
1234803,38.04,-12432,7052,-660
1234820,37.10,-11988,6696,-540
1234837,36.86,-15816,8520,-688
1234854,37.08,-13716,6756,-688
1234871,35.64,-14580,6756,-776
1234888,34.59,-17192,7588,-784
1234905,34.32,-15272,6204,-608
1234922,34.57,-17076,6120,-584
1234939,33.55,-19040,6416,-744
1234956,33.00,-16856,5140,-300
1234973,32.48,-18896,4944,-660
1234990,31.16,-20568,4584,-640
1235007,31.16,-18548,3548,-256
1235024,30.90,-20140,3164,-336
1235041,30.66,-21488,2380,-472
1235058,30.90,-19664,1580,-136
1235075,30.37,-20672,860,-20
1235092,30.37,-21516,52,24
1235109,30.37,-20088,-856,96
1235126,30.13,-20676,-1540,324
1235143,30.39,-20780,-2140,336
1235160,30.65,-19248,-2816,572
1235177,31.44,-19636,-3560,480
1235194,31.97,-19484,-4108,668
1235211,31.97,-17904,-4412,736
1235228,33.00,-18036,-4960,768
1235245,33.55,-17668,-5560,960
1235262,34.61,-15552,-5628,688
1235279,34.33,-16868,-6212,732
1235296,35.38,-16120,-6468,908
1235313,35.91,-13972,-6172,964
1235330,37.32,-14344,-6488,1028
1235347,36.63,-14372,-6864,1060
1235364,37.58,-13140,-6496,1012
1235381,38.02,-12652,-6596,1216
1235398,38.02,-13004,-6896,1328
1235415,39.19,-9812,-5300,504
1235432,39.43,-12504,-6852,596
1235449,39.67,-13652,-7556,1164
1235466,39.43,-10216,-6260,1052
1235483,39.43,-10180,-5860,1164
1235500,38.96,-13284,-7480,992
1235517,38.50,-12340,-6556,628
1235534,38.72,-10988,-5788,1052
1235551,38.48,-13056,-7152,1280
1235568,37.80,-11800,-6348,1412
1235585,37.78,-12420,-6052,1000
1235602,37.34,-14380,-6976,1020
1235619,36.87,-13124,-6232,1296
1235636,36.39,-13576,-6044,1244
1235653,36.17,-15496,-6404,1064
1235670,35.64,-15060,-5872,1176
1235687,34.57,-15320,-5408,1132
1235704,34.85,-16864,-5720,1296
1235721,33.80,-16960,-5148,1188
1235738,33.27,-17020,-4628,1176
1235755,32.22,-18444,-4368,1096
1235772,32.22,-18624,-3900,940
1235789,31.69,-18800,-3188,964
1235806,30.90,-19384,-2724,936
1235823,30.90,-19764,-2068,956
1235840,30.65,-20012,-1436,940
1235857,30.39,-20684,-612,804
1235874,29.86,-20352,116,976
1235891,29.86,-20408,880,956
1235908,29.86,-20636,1568,884
1235925,30.39,-20224,2216,600
1235942,30.13,-19744,2996,532
1235959,30.39,-19896,3616,620
1235976,31.18,-19320,4192,536
1235993,31.97,-18712,4864,536
1236010,31.97,-19440,5492,408
1236027,32.48,-17964,5748,304
1236044,33.55,-16452,5964,264
1236061,33.27,-17380,6784,48
1236078,34.32,-16228,6636,-124
1236095,34.87,-15064,6696,24
1236112,35.89,-15380,7332,48
1236129,37.34,-14224,7076,0
1236146,36.62,-13620,7184,-280
1236163,37.56,-13728,7564,-396
1236180,37.32,-12640,7312,-260
1236197,37.78,-12448,7348,-256
1236214,38.95,-12368,7520,-160
1236231,38.50,-11616,7348,-296
1236248,39.19,-8108,6660,-1256
1236265,38.95,-12980,7860,-372
1236282,39.87,-13316,8896,-964
1236299,39.17,-8296,5684,172
1236316,39.17,-10640,6648,-1208
1236333,39.87,-14908,9152,-1644
1236350,40.10,-9284,6068,-588
1236367,38.69,-10252,6740,-300
1236384,38.71,-15084,8976,-1308
1236401,38.02,-10700,6160,-460
1236418,37.54,-11876,6968,-388
1236435,37.10,-15116,8300,-1148
1236452,37.78,-12212,6204,-716
1236469,36.38,-14372,7124,-916
1236486,36.62,-15756,7504,-784
1236503,34.83,-13804,5948,-928
1236520,35.09,-16760,6736,-1200
1236537,34.04,-17144,6464,-948
1236554,33.53,-15420,5444,-720
1236571,33.80,-18628,5876,-1036
1236588,31.97,-18796,5184,-964
1236605,31.95,-17480,4256,-712
1236622,31.95,-20092,4164,-776
1236639,31.16,-19624,3316,-624
1236656,30.90,-18620,2532,-288
1236673,30.63,-20992,2152,-368
1236690,30.12,-20304,1316,-468
1236707,30.37,-19520,488,-228
1236724,30.37,-20928,36,-84
1236741,30.90,-20284,-732,116
1236758,30.63,-19688,-1532,168
1236775,30.39,-20272,-2212,348
1236792,30.63,-19344,-2744,528
1236809,31.44,-18820,-3372,532
1236826,31.44,-19204,-4136,848
1236843,32.76,-18016,-4428,852
1236860,32.74,-17332,-4632,908
1236877,33.27,-17332,-5212,952
1236894,33.82,-16560,-5440,1068
1236911,34.87,-16184,-5740,1272
1236928,35.38,-16188,-6360,1280
1236945,35.91,-14868,-6072,1140
1236962,36.41,-13840,-5956,1416
1236979,36.87,-14552,-6524,1416
1236996,37.80,-13648,-6432,1440
1237013,37.80,-12512,-6224,1424
1237030,37.34,-13080,-6588,1560
1237047,38.04,-11064,-5788,1304
1237064,38.26,-13820,-7192,1164
1237081,38.04,-12780,-6924,1732
1237098,37.82,-9468,-5284,1728
1237115,37.78,-13092,-6728,1072
1237132,38.98,-13196,-6448,976
1237149,38.48,-11500,-5808,1212
1237166,38.72,-12320,-6432,1600
1237183,38.50,-12780,-6272,1664
1237200,37.80,-12324,-5896,1272
1237217,38.26,-13464,-6108,1352
1237234,36.63,-13920,-6120,1756
1237251,36.17,-13140,-5732,1492
1237268,36.17,-14576,-5864,1536
1237285,35.65,-15388,-5744,1412
1237302,35.12,-14904,-5220,1412
1237319,34.08,-15996,-5292,1556
1237336,33.55,-16756,-4936,1504
1237353,33.03,-16732,-4408,1336
1237370,32.50,-17716,-4152,1432
1237387,32.50,-18116,-3740,1496
1237404,31.97,-18052,-3208,1332
1237421,31.98,-18964,-2756,1356
1237438,31.18,-19248,-2140,1224
1237455,30.90,-19308,-1520,1216
1237472,30.63,-20060,-992,1144
1237489,30.37,-20124,-440,1076
1237506,29.88,-19940,468,996
1237523,29.86,-20112,1084,812
1237540,29.88,-20160,1604,740
1237557,30.90,-19896,2320,704
1237574,30.65,-19420,2968,672
1237591,30.90,-19412,3616,492
1237608,31.18,-18984,4252,448
1237625,31.16,-18300,4572,640
1237642,31.97,-18744,5172,416
1237659,32.50,-17812,5572,108
1237676,33.82,-16480,5544,368
1237693,33.55,-17260,6292,-84
1237710,34.06,-15972,6492,-128
1237727,34.61,-15120,6480,-36
1237744,35.12,-15588,6944,-204
1237761,36.17,-14280,6884,-280
1237778,36.62,-13704,6912,-384
1237795,37.11,-14048,7184,-488
1237812,37.56,-13056,7100,-604
1237829,37.56,-12684,7112,-324
1237846,37.58,-12800,7332,-576
1237863,38.69,-9372,4876,-1696
1237880,38.48,-14816,8548,-692
1237897,38.26,-13616,8468,-1364
1237914,39.19,-8224,4968,-752
1237931,39.20,-13216,7912,-856
1237948,38.74,-13720,8100,-1148
1237965,38.26,-8988,5516,-436
1237982,38.48,-12012,7008,-896
1237999,38.24,-14444,8040,-1496
1238016,37.56,-10720,6096,-868
1238033,38.02,-12620,6884,-840
1238050,36.87,-14524,7380,-1264
1238067,36.39,-12108,6132,-1004
1238084,35.89,-14368,7020,-1148
1238101,35.89,-14896,6692,-1144
1238118,36.17,-13828,5924,-1168
1238135,34.32,-16368,6688,-1352
1238152,33.80,-15916,6020,-1092
1238169,34.59,-15480,5200,-1228
1238186,34.08,-18368,5760,-1360
1238203,32.76,-17284,4924,-956
1238220,32.22,-17052,4280,-768
1238237,32.24,-19764,4224,-1076
1238254,31.44,-18624,3400,-856
1238271,31.16,-18444,2748,-580
1238288,30.92,-20592,2380,-748
1238305,30.65,-19480,1724,-472
1238322,30.12,-19184,992,-344
1238339,30.90,-20748,340,-372
1238356,30.39,-19704,-300,-108
1238373,30.90,-19296,-880,120
1238390,30.65,-20492,-1576,188
1238407,30.37,-19268,-2140,404
1238424,31.16,-18736,-2772,548
1238441,31.44,-19376,-3364,640
1238458,32.22,-18232,-3788,892
1238475,32.22,-17664,-4204,896
1238492,32.24,-17680,-4756,952
1238509,32.76,-16656,-4916,1112
1238526,34.06,-16112,-5236,1168
1238543,34.59,-16736,-5520,1328
1238560,34.59,-15164,-5260,936
1238577,35.12,-14792,-5476,1180
1238594,36.39,-15284,-6584,1144
1238611,35.64,-12716,-5760,1704
1238628,36.39,-13448,-5764,1460
1238645,36.38,-14776,-6588,920
1238662,36.63,-12872,-5896,1260
1238679,37.32,-12320,-5928,1444
1238696,37.56,-12840,-6188,1512
1238713,37.32,-12520,-5880,1392
1238730,38.24,-12680,-6012,1272
1238747,38.26,-12344,-5912,1492
1238764,38.26,-12352,-6004,1572
1238781,39.41,-12624,-6052,1764
1238798,38.02,-12664,-5812,1480
1238815,37.78,-12992,-5768,1628
1238832,37.54,-13188,-5876,1720
1238849,38.02,-13520,-5664,1716
1238866,36.86,-13812,-5508,1868
1238883,36.41,-14484,-5392,1872
1238900,36.39,-14812,-5276,1768
1238917,35.89,-15160,-5032,1800
1238934,35.91,-15532,-4764,1696
1238951,34.06,-16152,-4592,1756
1238968,34.85,-16648,-4336,1720
1238985,33.55,-16972,-4028,1672
1239002,32.22,-17432,-3460,1632
1239019,32.21,-18032,-3208,1708
1239036,32.22,-18204,-2752,1552
1239053,31.44,-18636,-2196,1672
1239070,30.65,-19152,-1648,1528
1239087,30.39,-19272,-968,1308
1239104,30.65,-19448,-436,1220
1239121,30.39,-19628,224,1136
1239138,30.39,-19744,684,1060
1239155,30.36,-19552,1400,1048
1239172,30.39,-19672,1948,868
1239189,30.12,-19388,2524,656
1239206,31.18,-19104,3044,484
1239223,30.90,-18792,3728,296
1239240,31.69,-18456,4012,544
1239257,31.18,-18316,4544,648
1239274,31.95,-18480,5080,300
1239291,33.27,-17184,5184,128
1239308,32.48,-16408,5420,92
1239325,33.80,-16996,6064,-24
1239342,34.32,-15880,6052,-348
1239359,34.85,-15096,6224,-176
1239376,35.38,-15536,6700,-180
1239393,35.38,-14392,6428,-560
1239410,35.89,-13868,6556,-444
1239427,37.56,-14148,7020,-520
1239444,37.10,-13344,6648,-480
1239461,36.62,-12944,6660,-724
1239478,37.34,-13088,7012,-584
1239495,38.02,-10824,5220,-908
1239512,37.78,-13820,7672,-1264
1239529,37.58,-12732,7328,-488
1239546,38.02,-9032,4932,-1076
1239563,38.02,-15948,8500,-2440
1239580,38.02,-11836,6376,-1000
1239597,39.19,-9420,5280,-752
1239614,37.78,-15264,7868,-1980
1239631,37.54,-12460,6228,-1396
1239648,37.32,-11212,5780,-1080
1239665,37.32,-14564,7268,-1540
1239682,37.80,-13064,5992,-1596
1239699,36.15,-13228,6020,-1484
1239716,36.15,-15272,6608,-1488
1239733,36.17,-14020,5644,-1448
1239750,34.85,-15220,5532,-1392
1239767,34.33,-16604,5896,-1500
1239784,34.33,-15244,4960,-1292
1239801,33.01,-16704,4924,-1428
1239818,33.01,-18144,4888,-1440
1239835,32.50,-16576,4008,-1204
1239852,32.50,-17944,3836,-1104
1239869,31.71,-19304,3492,-1292
1239886,30.90,-17812,2732,-740
1239903,30.63,-18836,2216,-1056
1239920,30.89,-20152,1820,-876
1239937,30.65,-18704,988,-680
1239954,30.13,-19480,508,-368
1239971,30.92,-20028,-24,-312
1239988,30.12,-18992,-648,-196
1240005,30.13,-19472,-1280,-64
1240022,31.16,-19488,-1848,268
1240039,30.90,-18528,-2268,504
1240056,31.16,-18988,-2940,556
1240073,31.44,-18716,-3480,676
1240090,32.22,-17444,-3668,792
1240107,32.21,-17800,-4124,868
1240124,33.01,-17372,-4484,1076
1240141,33.00,-16444,-4764,876
1240158,33.00,-15084,-4672,932
1240175,34.32,-16612,-5472,1292
1240192,34.33,-14956,-5132,1196
1240209,34.33,-14340,-5204,1288
1240226,35.12,-16020,-6196,1208
1240243,35.12,-13448,-5176,1560
1240260,35.91,-13868,-5708,1508
1240277,36.15,-14272,-5856,1524
1240294,36.86,-12784,-5428,1476
1240311,37.56,-13220,-5812,1756
1240328,37.34,-13068,-5744,1780
1240345,37.10,-12768,-5436,1664
1240362,38.02,-13044,-5796,1636
1240379,38.48,-12804,-5488,1840
1240396,38.04,-12716,-5388,1892
1240413,37.10,-13160,-5508,2004
1240430,37.32,-13372,-5444,1860
1240447,37.56,-13216,-5284,2028
1240464,36.87,-13556,-5172,1956
1240481,36.17,-14052,-5228,2140
1240498,36.63,-14188,-5028,2192
1240515,35.89,-14468,-4716,2276
1240532,35.89,-15252,-4604,2080
1240549,35.89,-15424,-4396,1980
1240566,34.57,-15784,-3988,2036
1240583,34.59,-16300,-3836,2108
1240600,34.61,-16700,-3460,2272
1240617,33.27,-17056,-3188,2104
1240634,33.27,-17520,-2692,1972
1240651,31.95,-17980,-2328,2008
1240668,31.18,-18360,-1940,2060
1240685,30.90,-18576,-1456,1764
1240702,30.65,-18804,-916,1656
1240719,30.39,-18940,-440,1552
1240736,30.65,-19144,128,1692
1240753,30.92,-19124,644,1352
1240770,30.41,-19172,1180,1240
1240787,30.39,-19296,1880,1100
1240804,30.92,-19232,2292,1044
1240821,30.65,-18892,2828,780
1240838,30.37,-18756,3288,684
1240855,30.65,-18468,3632,460
1240872,30.90,-18096,3928,380
1240889,31.69,-17900,4692,512
1240906,31.97,-18312,4888,80
1240923,31.97,-16708,5000,64
1240940,33.27,-16268,5296,-144
1240957,33.29,-16824,5908,-356
1240974,33.80,-15888,5824,-464
1240991,33.80,-15092,5884,-380
1241008,35.14,-15052,6196,-416
1241025,35.12,-14676,6140,-564
1241042,35.12,-14132,6276,-732
1241059,35.91,-13956,6408,-744
1241076,36.63,-13504,6296,-876
1241093,36.17,-13408,6268,-1052
1241110,36.41,-13244,6352,-960
1241127,37.10,-12384,6180,-2240
1241144,38.04,-13976,6772,-1704
1241161,37.34,-12492,6332,-852
1241178,38.26,-10380,5116,-868
1241195,37.80,-15956,7668,-2388
1241212,39.43,-11508,5760,-1132
1241229,38.50,-10432,5204,-960
1241246,38.72,-16088,7532,-2136
1241263,38.48,-12032,5444,-1560
1241280,38.26,-12072,5300,-1396
1241297,37.11,-15580,6600,-1880
1241314,37.56,-13140,5272,-1804
1241331,36.39,-13984,5408,-1700
1241348,36.86,-15764,5760,-1748
1241365,36.87,-14172,5024,-1544
1241382,35.64,-15532,5100,-1916
1241399,34.85,-16648,5052,-1808
1241416,33.55,-15520,4324,-1620
1241433,33.55,-16736,4272,-1536
1241450,32.22,-17768,4048,-1628
1241467,32.22,-16828,3288,-1308
1241484,31.97,-17952,3104,-1348
1241501,31.18,-18824,2752,-1360
1241518,30.90,-17752,1964,-948
1241535,30.65,-18920,1692,-788
1241552,30.90,-19444,1152,-1168
1241569,31.18,-18552,624,-784
1241586,30.65,-19324,28,-476
1241603,30.65,-19532,-564,-408
1241620,30.65,-18608,-1040,-124
1241637,30.65,-19280,-1632,-72
1241654,30.39,-19152,-2108,188
1241671,31.45,-18140,-2404,132
1241688,31.18,-18596,-2944,692
1241705,31.95,-18324,-3328,768
1241722,31.44,-17280,-3584,832
1241739,32.22,-17320,-3928,940
1241756,32.50,-17136,-4340,976
1241773,32.50,-16328,-4404,1120
1241790,33.29,-16356,-4740,1540
1241807,34.08,-16196,-5252,1436
1241824,34.06,-15132,-4964,1488
1241841,34.87,-14660,-4916,1392
1241858,34.35,-15484,-5420,1756
1241875,35.12,-14320,-5312,1756
1241892,36.63,-13008,-4832,1760
1241909,36.19,-15060,-5632,1900
1241926,36.41,-13616,-5304,1948
1241943,36.65,-12640,-4840,1924
1241960,36.39,-14312,-5548,2128
1241977,37.32,-13056,-5028,2200
1241994,36.15,-12800,-4848,2016
1242011,36.17,-13976,-5348,2216
1242028,36.17,-13120,-4896,2340
1242045,36.41,-13052,-4712,2180
1242062,37.11,-14072,-4900,2336
1242079,36.17,-13720,-4556,2380
1242096,35.91,-13744,-4408,2392
1242113,35.65,-14404,-4504,2488
1242130,36.17,-14588,-4216,2468
1242147,35.38,-14712,-3944,2492
1242164,34.61,-15484,-3716,2572
1242181,34.61,-15668,-3504,2476
1242198,33.80,-15996,-3196,2456
1242215,33.80,-16524,-2960,2452
1242232,33.01,-16636,-2592,2312
1242249,33.03,-17100,-2236,2308
1242266,32.22,-17688,-1928,2312
1242283,32.76,-17720,-1516,2492
1242300,31.97,-17868,-1044,2116
1242317,31.18,-18560,-724,2056
1242334,31.44,-18452,-260,1924
1242351,30.41,-18432,316,1828
1242368,30.65,-18912,684,1680
1242385,30.12,-18844,1228,1488
1242402,30.13,-18636,1656,1340
1242419,30.12,-18912,2216,972
1242436,30.65,-18604,2584,1192
1242453,31.18,-18572,2980,808
1242470,30.90,-18512,3544,668
1242487,31.18,-18096,3796,536
1242504,31.44,-17472,3972,360
1242521,31.69,-18188,4512,108
1242538,32.48,-17912,5012,-168
1242555,31.98,-16320,4868,-120
1242572,32.74,-16540,5060,-292
1242589,34.08,-16352,5348,-340
1242606,34.06,-15408,5496,-672
1242623,34.08,-15716,5712,-664
1242640,34.87,-15236,5784,-684
1242657,34.87,-14420,5736,-800
1242674,35.65,-14576,5932,-932
1242691,35.93,-14292,5872,-1124
1242708,36.17,-13676,5888,-1064
1242725,36.87,-13784,5960,-1392
1242742,37.56,-13452,5792,-1332
1242759,37.34,-11284,5312,-1132
1242776,38.28,-14624,6592,-1960
1242793,37.59,-13680,5916,-1080
1242810,37.59,-10380,4484,-1352
1242827,37.56,-16096,6700,-2604
1242844,37.10,-12692,5448,-1752
1242861,37.82,-11144,4716,-1284
1242878,36.86,-15640,6132,-2512
1242895,36.65,-13620,5212,-2032
1242912,36.41,-12416,4764,-1508
1242929,37.32,-15228,5488,-2088
1242946,36.19,-14416,4952,-2200
1242963,35.91,-13900,4560,-1980
1242980,35.93,-15948,4748,-1964
1242997,35.12,-15256,4300,-1912
1243014,35.12,-15160,4100,-2000
1243031,35.12,-16772,4184,-1880
1243048,36.87,-16276,3576,-1912
1243065,34.06,-16388,3344,-1884
1243082,33.29,-17820,3192,-1780
1243099,32.50,-16976,2612,-1524
1243116,32.22,-17592,2156,-1648
1243133,31.97,-18800,2012,-1452
1243150,30.92,-17636,1360,-1300
1243167,30.65,-18324,856,-1072
1243184,30.90,-19424,508,-1212
1243201,30.37,-18120,-24,-748
1243218,31.18,-18608,-484,-504
1243235,30.66,-19400,-920,-496
1243252,31.18,-18368,-1324,-124
1243269,30.39,-18568,-2028,72
1243286,30.92,-18968,-2372,224
1243303,30.66,-18072,-2628,340
1243320,30.90,-17960,-2996,628
1243337,31.97,-18024,-3336,780
1243354,31.42,-17156,-3504,1164
1243371,31.71,-16900,-3892,1132
1243388,31.97,-16924,-4208,1352
1243405,32.76,-16296,-4240,1328
1243422,33.55,-15432,-4268,1552
1243439,33.00,-16132,-4728,1720
1243456,33.29,-15428,-4604,1880
1243473,34.06,-13076,-3964,1456
1243490,35.64,-16096,-5268,1836
1243507,35.11,-14796,-5012,1976
1243524,35.91,-12572,-4064,2036
1243541,35.65,-15360,-5300,2036
1243558,35.91,-14236,-4804,2068
1243575,36.17,-12624,-4364,2320
1243592,36.65,-14560,-4908,2420
1243609,35.91,-13840,-4636,2372
1243626,36.41,-13228,-4184,2344
1243643,36.39,-14212,-4464,2368
1243660,36.39,-13892,-4324,2732
1243677,36.63,-13400,-4100,2360
1243694,37.34,-14232,-4108,2680
1243711,35.89,-14376,-3924,2576
1243728,36.17,-14064,-3548,2720
1243745,35.89,-14860,-3488,2756
1243762,35.65,-14976,-3412,2660
1243779,35.38,-15028,-3080,2600
1243796,34.61,-15696,-2904,2608
1243813,35.14,-15856,-2564,2800
1243830,33.55,-15952,-2256,2812
1243847,33.56,-16580,-2080,2716
1243864,33.29,-16884,-1752,2680
1243881,32.50,-16908,-1312,2604
1243898,33.03,-17384,-1112,2536
1243915,32.22,-17712,-688,2364
1243932,32.76,-17700,-212,2248
1243949,31.16,-17848,184,2120
1243966,31.45,-18444,564,1960
1243983,30.41,-18276,1004,1688
1244000,31.18,-18344,1408,1708
1244017,30.66,-18616,1728,1496
1244034,30.65,-18312,2212,1364
1244051,30.65,-18208,2600,1332
1244068,31.18,-18360,3024,1072
1244085,30.92,-17848,3248,780
1244102,31.45,-18152,3544,632
1244119,31.18,-17932,3984,348
1244136,31.44,-17420,4204,312
1244153,31.71,-17980,4568,216
1244170,32.50,-16880,4568,-96
1244187,31.98,-16316,4672,-252
1244204,33.56,-16848,4864,-432
1244221,33.01,-15932,5040,-488
1244238,33.01,-15640,5220,-560
1244255,33.82,-15644,5496,-868
1244272,34.61,-14952,5128,-916
1244289,34.06,-14960,5276,-1072
1244306,35.65,-14760,5436,-1312
1244323,35.91,-14068,5240,-1272
1244340,36.19,-14268,5328,-1432
1244357,36.41,-14108,5336,-1548
1244374,37.82,-13488,5160,-1568
1244391,37.58,-12780,4836,-1388
1244408,36.87,-14768,5508,-1868
1244425,37.35,-13396,5168,-1716
1244442,37.82,-11608,4224,-1784
1244459,37.82,-16304,5700,-2452
1244476,37.35,-12852,4588,-1964
1244493,36.41,-12060,4064,-1652
1244510,36.63,-15980,5128,-2432
1244527,36.89,-13644,4136,-2152
1244544,36.65,-13252,4012,-2160
1244561,36.41,-15664,4700,-2380
1244578,36.19,-14768,3952,-2372
1244595,35.38,-14252,3676,-2080
1244612,35.93,-16024,3764,-2288
1244629,34.33,-15676,3244,-2404
1244646,34.33,-15560,3108,-2112
1244663,34.87,-16580,3004,-2040
1244680,35.40,-16176,2556,-2124
1244697,34.61,-16944,2332,-2172
1244714,34.35,-17600,2184,-1864
1244731,32.77,-16792,1672,-1604
1244748,31.71,-17596,1436,-1568
1244765,31.45,-18552,996,-1500
1244782,30.94,-17380,600,-1148
1244799,31.18,-18236,240,-992
1244816,31.45,-18888,-152,-1064
1244833,30.94,-17900,-564,-764
1244850,30.41,-18224,-976,-288
1244867,30.39,-18656,-1336,-384
1244884,30.41,-18148,-1740,12
1244901,30.92,-18116,-1992,240
1244918,31.45,-18316,-2468,216
1244935,31.20,-17828,-2668,628
1244952,30.92,-17840,-2964,840
1244969,31.98,-17616,-3236,964
1244986,32.22,-17000,-3368,1204
1245003,31.97,-17076,-3692,1184
1245020,32.76,-16936,-3908,1484
1245037,33.03,-16052,-3864,1616
1245054,33.29,-15676,-4028,1684
1245071,33.56,-16424,-4168,2060
1245088,33.82,-15648,-4268,2100
1245105,34.61,-14840,-4136,2132
1245122,34.85,-14996,-4116,2340
1245139,34.33,-16612,-4900,1948
1245156,34.59,-14396,-4108,2632
1245173,35.65,-13648,-3764,2492
1245190,35.40,-15064,-4356,2336
1245207,35.12,-14240,-4000,2356
1245224,35.65,-13512,-3632,2532
1245241,36.17,-14760,-3900,2796
1245258,35.38,-14260,-3712,2640
1245275,35.40,-13792,-3472,2652
1245292,36.17,-14316,-3492,2912
1245309,35.65,-14388,-3396,2872
1245326,35.12,-13976,-3040,2976
1245343,35.40,-14820,-2944,3056
1245360,35.65,-14964,-2756,3088
1245377,34.59,-14768,-2544,2980
1245394,34.33,-15236,-2316,3000
1245411,34.06,-15648,-2096,2972
1245428,33.80,-15560,-1916,2864
