467122,36.65,-15780,316,-924
467139,36.67,-15532,508,-984
467156,36.65,-15492,648,-844
467173,36.67,-15824,384,-636
467190,36.67,-15752,364,-764
467207,36.67,-15624,424,-732
467224,36.65,-15624,580,-768
467241,37.11,-15804,408,-688
467258,36.65,-15588,472,-932
467275,37.11,-15692,524,-792
467292,37.11,-15796,408,-624
467309,37.11,-15760,500,-680
467326,35.93,-15500,416,-692
467343,35.93,-15616,452,-968
467360,35.93,-15796,376,-984
467377,35.91,-15684,372,-996
467394,35.91,-15684,536,-844
467411,35.93,-15696,560,-724
467428,35.93,-15724,544,-888
467445,35.95,-15508,408,-1092
467462,35.91,-15496,476,-1204
467479,35.93,-15616,628,-976
467496,35.93,-15804,452,-636
467513,35.93,-15748,428,-544
467530,35.93,-16004,524,-512
467547,36.41,-16024,2076,-700
467564,36.43,-13648,3424,-936
467581,35.91,-11808,4352,-732
467598,36.65,-14324,7684,-1064
467615,36.19,-11700,6168,-660
467632,36.43,-12284,6292,-776
467649,35.40,-14440,7244,-912
467666,35.95,-12276,6016,-520
467683,35.67,-13680,6588,-656
467700,34.88,-14432,6592,-868
467717,34.63,-13664,5960,-768
467734,34.63,-14936,6248,-612
467751,33.84,-14896,5876,-824
467768,33.82,-15492,5652,-916
467785,33.03,-16004,5540,-592
467802,33.03,-15784,5028,-632
467819,32.24,-17024,4860,-992
467836,32.24,-16972,4500,-552
467853,31.44,-17280,3952,-540
467870,31.20,-18032,3732,-804
467887,30.92,-18040,3204,-792
467904,30.66,-18176,2664,-540
467921,30.92,-18636,2204,-604
467938,30.41,-18620,1664,-564
467955,29.93,-18728,1088,-592
467972,30.66,-18832,384,-460
467989,30.66,-18760,-76,-512
468006,29.89,-18796,-596,-528
468023,30.41,-18536,-1172,-352
468040,30.13,-18508,-1740,-400
468057,30.41,-18048,-2160,-300
468074,30.66,-17944,-2600,-380
468091,30.92,-17732,-3044,-148
468108,31.73,-17316,-3424,-248
468125,31.98,-16896,-3648,-204
468142,31.98,-16556,-4112,32
468159,32.76,-16232,-4488,132
468176,32.77,-15740,-4676,40
468193,33.56,-15404,-4824,16
468210,34.33,-15112,-5064,-36
468227,33.82,-14748,-5096,180
468244,34.61,-14416,-5264,0
468261,34.88,-14104,-5328,128
468278,35.14,-13880,-5376,204
468295,35.40,-13540,-5416,184
468312,35.65,-13452,-5456,-76
468329,36.19,-13312,-5600,156
468346,35.93,-13224,-5536,44
468363,35.93,-13100,-5564,76
468380,35.95,-13116,-5560,148
468397,35.93,-13188,-5536,104
468414,35.40,-13156,-5544,28
468431,35.67,-13452,-5460,192
468448,35.93,-13704,-5540,148
468465,34.88,-13840,-5392,48
468482,34.63,-13972,-5332,16
468499,35.14,-14280,-5244,84
468516,34.35,-14760,-5220,60
468533,34.09,-14988,-4964,-52
468550,34.08,-15216,-4804,-48
468567,33.29,-15724,-4716,52
468584,32.50,-16180,-4516,40
468601,32.50,-16388,-4064,-224
468618,31.71,-16672,-3732,-136
468635,32.24,-17204,-3404,-228
468652,31.45,-17432,-3060,-252
468669,31.20,-17688,-2632,-332
468686,30.94,-18004,-2128,-324
468703,30.66,-18372,-1764,-508
468720,30.94,-18332,-1024,-508
468737,29.89,-18480,-600,-608
468754,29.88,-18808,-168,-604
468771,30.66,-18740,356,-616
468788,30.68,-18520,1000,-636
468805,30.20,-18504,1540,-752
468822,30.41,-18508,2068,-828
468839,30.13,-18196,2536,-816
468856,31.20,-17896,3076,-992
468873,31.45,-17736,3452,-932
468890,31.73,-17288,3832,-852
468907,31.20,-15880,4104,-968
468924,31.98,-18100,5020,-1532
468941,32.77,-17860,5388,-1600
468958,32.24,-14612,4844,-848
468975,33.05,-15696,5648,-812
468992,33.05,-15524,5780,-1004
469009,33.82,-14760,5752,-1224
469026,33.82,-14600,6280,-908
469043,34.61,-13708,6016,-844
469060,34.87,-14164,6256,-892
469077,35.14,-13516,6464,-872
469094,35.40,-12752,6456,-644
469111,35.65,-13184,6464,-792
469128,35.40,-12984,6448,-928
469145,35.95,-12456,6580,-788
469162,36.43,-12664,6620,-1004
469179,35.65,-12496,6388,-872
469196,35.65,-12740,6616,-872
469213,36.41,-12512,6636,-720
469230,35.93,-12768,6540,-808
469247,36.17,-13120,6544,-880
469264,35.14,-12992,6460,-824
469281,34.87,-13244,6504,-904
469298,34.63,-13744,6296,-812
469315,35.14,-13780,6276,-908
469332,34.37,-14160,6136,-964
469349,33.56,-14584,6052,-840
469366,34.09,-15040,5860,-824
469383,33.29,-15392,5576,-864
469400,33.31,-15616,5460,-808
469417,32.50,-16188,5232,-772
469434,31.71,-16736,4816,-816
469451,31.71,-16928,4488,-872
469468,31.45,-17240,4032,-952
469485,31.18,-17736,3644,-772
469502,30.92,-17868,3200,-800
469519,30.66,-18196,2648,-752
469536,30.92,-18424,2144,-664
469553,30.39,-18516,1580,-732
469570,30.22,-18460,1128,-496
469587,30.66,-18696,576,-616
469604,30.66,-18760,0,-508
469621,29.89,-18404,-600,-476
469638,30.41,-18452,-1056,-424
469655,30.20,-18212,-1508,-472
469672,31.18,-18072,-2104,-352
469689,31.47,-17968,-2520,-404
469706,31.73,-17580,-3004,-252
469723,31.20,-17316,-3324,-268
469740,31.45,-16996,-3632,-76
469757,32.26,-16492,-3952,-228
469774,33.05,-16128,-4400,-120
469791,33.03,-15884,-4544,-40
469808,33.31,-15476,-4776,-104
469825,33.31,-15124,-4812,-36
469842,34.08,-14864,-5020,4
469859,34.35,-14384,-5068,-80
469876,34.61,-14152,-5284,-32
469893,34.88,-13864,-5344,28
469910,35.14,-13692,-5372,24
469927,34.87,-13512,-5584,292
469944,35.91,-13380,-5444,116
469961,35.14,-13332,-5548,24
469978,35.67,-13348,-5592,112
469995,35.65,-13312,-5560,8
470012,36.43,-13276,-5496,68
470029,35.93,-13432,-5444,28
470046,35.40,-13616,-5504,120
470063,35.67,-13584,-5408,208
470080,34.61,-13840,-5376,172
470097,34.37,-14288,-5252,136
470114,34.08,-14348,-5032,168
470131,34.61,-14664,-4952,68
470148,33.82,-15008,-4732,144
470165,33.03,-15408,-4588,-32
470182,33.58,-15560,-4296,-72
470199,32.77,-16128,-4052,-12
470216,31.98,-16428,-3892,-144
470233,32.50,-16664,-3660,-96
470250,31.71,-17024,-3164,-120
470267,30.94,-17424,-2872,-204
470284,30.66,-17644,-2368,-324
470301,30.41,-17840,-1900,-232
470318,30.66,-18040,-1464,-396
470335,30.92,-18256,-1060,-288
470352,29.89,-18516,-584,-660
470369,29.88,-18364,-4,-660
470386,30.65,-18568,396,-552
470403,30.65,-18624,820,-648
470420,30.22,-18292,1532,-676
470437,30.41,-18416,1996,-712
470454,30.13,-18216,2528,-740
470471,31.18,-17932,2792,-796
470488,30.92,-17528,3300,-1000
470505,31.20,-17280,3756,-936
470522,31.98,-16992,4224,-916
470539,31.47,-15488,4224,-140
470556,32.24,-16792,4776,-664
470573,33.03,-16352,5104,-788
470590,32.52,-14976,4988,-672
470607,33.31,-15404,5624,-872
470624,33.31,-14644,5496,-1092
470641,34.09,-14816,5868,-944
470658,34.35,-14136,5916,-976
470675,34.63,-13584,6076,-884
470692,34.88,-14168,6340,-1036
470709,35.14,-13232,6096,-848
470726,35.41,-12988,6268,-888
470743,35.14,-13440,6504,-888
470760,35.65,-12788,6208,-904
470777,36.17,-12892,6420,-912
470794,36.19,-12768,6456,-864
470811,36.19,-12824,6388,-852
470828,36.17,-12932,6380,-880
470845,35.14,-12832,6360,-744
470862,35.93,-12908,6296,-944
470879,34.88,-13456,6296,-812
470896,34.61,-13344,6176,-816
470913,34.35,-13700,6336,-772
470930,34.09,-14056,6168,-748
470947,34.61,-14416,6084,-908
470964,33.82,-14544,5876,-740
470981,33.03,-14996,5812,-740
470998,33.56,-15464,5476,-752
471015,32.76,-15784,5320,-764
471032,31.98,-15916,5000,-748
471049,32.50,-16492,4720,-804
471066,31.71,-16916,4392,-844
471083,30.94,-17176,3996,-780
471100,30.68,-17436,3700,-684
471117,30.41,-17800,3136,-724
471134,30.68,-18092,2692,-680
471151,30.94,-18204,2160,-732
471168,30.41,-18356,1728,-540
471185,29.88,-18612,1124,-688
471202,30.66,-18556,592,-640
471219,30.66,-18528,116,-584
471236,29.88,-18524,-416,-560
471253,30.39,-18436,-924,-476
471270,30.13,-18232,-1548,-508
471287,31.20,-17872,-1932,-568
471304,30.92,-17792,-2296,-252
471321,31.20,-17560,-2924,-356
471338,31.97,-17120,-3152,-360
471355,31.45,-17072,-3656,-96
471372,31.71,-16460,-3996,-236
471389,32.52,-16008,-4164,-204
471406,33.29,-15728,-4344,-72
471423,32.77,-15488,-4728,-176
471440,33.55,-15140,-4916,-140
471457,33.82,-14628,-4964,-72
471474,34.09,-14564,-5140,-152
471491,34.87,-14244,-5196,36
471508,35.14,-13968,-5252,16
471525,34.88,-13784,-5332,20
471542,34.63,-13728,-5424,24
471559,35.65,-13432,-5412,52
471576,34.87,-13288,-5504,-8
471593,35.38,-13452,-5400,60
471610,35.41,-13588,-5508,128
471627,34.88,-13396,-5408,68
471644,35.67,-13480,-5336,180
471661,35.14,-13720,-5344,36
471678,35.40,-13856,-5292,-24
471695,34.33,-14024,-5076,112
471712,34.08,-14184,-5076,40
471729,33.82,-14432,-4980,-20
471746,34.37,-14840,-4852,-108
471763,34.09,-15004,-4536,-36
471780,33.31,-15388,-4388,180
471797,32.52,-15884,-4232,-148
471814,33.05,-16084,-3948,-8
471831,32.24,-16216,-3500,-92
471848,31.98,-16824,-3356,-64
471865,31.18,-17092,-3044,-204
471882,30.92,-17104,-2608,-308
471899,30.66,-17368,-2148,-292
471916,30.41,-17928,-1848,-288
471933,30.66,-18124,-1364,-444
471950,30.92,-18012,-880,-436
471967,29.88,-18348,-412,-544
471984,29.88,-18180,-40,-568
472001,30.66,-18380,616,-584
472018,30.66,-18464,1060,-592
472035,29.94,-18348,1372,-572
472052,30.41,-18212,1892,-812
472069,30.13,-18048,2488,-644
472086,30.66,-17764,2856,-860
472103,30.92,-17624,3184,-708
472120,31.18,-17104,3728,-668
472137,31.45,-16896,3912,-860
472154,32.24,-16676,4280,-884
472171,31.71,-15172,4348,-148
472188,32.50,-16348,5104,-676
472205,32.77,-16236,5136,-1048
472222,32.77,-14600,5124,-804
472239,33.56,-14852,5468,-916
472256,33.82,-14552,5704,-1064
472273,34.61,-14440,5752,-960
472290,34.87,-13864,5824,-860
472307,35.12,-13488,5920,-1108
472324,34.88,-13892,6180,-1008
472341,35.14,-13248,6012,-936
472358,34.87,-12952,6140,-860
472375,35.40,-13260,6360,-972
472392,35.91,-12920,6244,-812
472409,35.93,-12988,6220,-812
472426,35.40,-12948,6312,-976
472443,35.40,-13008,6264,-808
472460,34.88,-13276,6220,-884
472477,35.14,-13240,6148,-872
472494,35.40,-13252,6284,-760
472511,34.33,-13720,6188,-1052
472528,34.09,-13852,6008,-688
472545,33.82,-14068,5940,-840
472562,33.55,-14324,6004,-748
472579,34.09,-14744,5616,-828
472596,33.31,-15000,5576,-960
472613,32.52,-15372,5392,-784
472630,33.03,-15792,5132,-676
472647,32.24,-16096,4924,-828
472664,31.98,-16352,4628,-704
472681,31.20,-16748,4216,-688
472698,30.92,-17168,3928,-776
472715,30.66,-17316,3472,-808
472732,30.41,-17620,3148,-692
472749,30.66,-17924,2648,-700
472766,30.92,-18124,2080,-708
472783,30.41,-18092,1564,-600
472800,30.01,-18260,1032,-616
472817,30.66,-18436,652,-588
472834,30.68,-18364,76,-752
472851,29.89,-18236,-460,-508
472868,30.41,-18228,-908,-520
472885,30.94,-18080,-1456,-420
472902,30.68,-17860,-1828,-532
472919,30.94,-17728,-2396,-308
472936,31.21,-17508,-2776,-292
472953,31.45,-17024,-3188,-388
472970,31.73,-16784,-3480,-264
472987,32.52,-16528,-3816,-272
473004,32.00,-16324,-4092,-148
473021,32.26,-15736,-4188,-116
473038,33.05,-15348,-4316,-240
473055,33.31,-15100,-4680,-164
473072,34.11,-14836,-4824,-204
473089,34.37,-14600,-4912,-56
473106,34.63,-14664,-5256,-68
473123,34.88,-13792,-5052,-204
473140,34.63,-13916,-5276,-40
473157,34.37,-13836,-5232,-80
473174,34.90,-13352,-5276,96
473191,35.41,-13652,-5456,-96
473208,34.63,-13432,-5420,132
473225,34.63,-13472,-5168,36
473242,35.41,-13808,-5420,60
473259,34.87,-13592,-5276,84
473276,34.37,-13696,-5240,-12
473293,34.61,-13932,-5236,-12
473310,34.87,-14184,-5028,52
473327,33.82,-14304,-4880,-44
473344,33.56,-14516,-4728,-16
473361,33.31,-14964,-4688,32
473378,33.84,-15256,-4428,-24
473395,33.05,-15404,-4252,-56
473412,32.79,-15812,-3988,-140
473429,31.98,-16224,-3784,-44
473446,31.71,-16392,-3484,-148
473463,32.24,-16600,-3108,-32
473480,31.47,-17076,-2884,-132
473497,31.73,-17316,-2516,-368
473514,31.45,-17384,-2004,-88
473531,31.20,-17572,-1616,-360
473548,30.15,-18000,-1224,-396
473565,30.41,-18052,-712,-480
473582,29.89,-17852,-276,-488
473599,29.88,-18108,124,-256
473616,30.66,-18272,488,-308
473633,30.66,-18204,1004,-540
473650,29.94,-18064,1572,-548
473667,30.41,-18124,1908,-668
473684,30.96,-17936,2424,-636
473701,30.66,-17636,2828,-836
473718,30.92,-17408,3204,-652
473735,31.18,-17324,3500,-700
473752,31.47,-16924,3876,-732
473769,31.73,-16344,4260,-864
473786,31.98,-15284,4416,-980
473803,32.79,-17304,5124,-1464
473820,32.26,-16896,5488,-1280
473837,33.05,-14116,4744,-812
473854,33.31,-15212,5444,-784
473871,34.09,-14684,5520,-840
473888,33.56,-14228,5624,-1080
473905,33.82,-14240,5732,-960
473922,34.08,-13572,5736,-1020
473939,35.14,-13720,6012,-960
473956,34.87,-13492,6012,-912
473973,35.40,-13068,5932,-864
473990,35.16,-13052,6044,-876
474007,35.14,-13204,6092,-1016
474024,35.14,-13140,5968,-724
474041,35.14,-13200,6040,-980
474058,35.12,-13124,6104,-984
474075,34.59,-13272,6128,-868
474092,34.87,-13480,6036,-956
474109,35.12,-13648,5996,-996
474126,34.09,-13748,5980,-1008
474143,33.80,-13980,5928,-932
474160,33.56,-14320,5704,-916
474177,33.29,-14532,5592,-916
474194,33.82,-14700,5532,-780
474211,33.55,-15196,5380,-724
474228,32.77,-15572,5176,-724
474245,33.29,-15700,4924,-868
474262,31.71,-16044,4764,-780
474279,32.24,-16428,4384,-828
474296,31.45,-16736,4028,-792
474313,31.20,-16844,3820,-720
474330,31.47,-17224,3364,-912
474347,30.39,-17664,2960,-596
474364,30.66,-17640,2472,-640
474381,30.92,-17800,2120,-800
474398,30.41,-18036,1524,-676
474415,29.94,-18208,1028,-620
474432,30.66,-18160,616,-732
474449,29.89,-18264,8,-656
474466,29.88,-18268,-360,-436
474483,30.39,-17988,-836,-496
474500,30.13,-17888,-1324,-540
474517,30.66,-17964,-1840,-408
474534,30.92,-17552,-2136,-488
474551,31.20,-17416,-2624,-436
474568,31.45,-17008,-3180,-224
474585,31.71,-16816,-3300,-232
474602,31.97,-16432,-3748,-132
474619,32.22,-16092,-3976,-132
474636,33.03,-15724,-4160,-96
474653,32.50,-15444,-4372,-188
474670,32.77,-15164,-4572,-80
474687,33.01,-14644,-4648,-212
474704,33.29,-14500,-4892,44
474721,33.56,-14888,-5172,-100
474738,34.61,-13756,-4820,-20
474755,34.35,-13976,-5060,-12
474772,34.08,-14060,-5336,-56
474789,34.61,-13372,-5020,84
474806,34.33,-13704,-5256,-244
474823,34.33,-13728,-5348,-44
474840,34.35,-13592,-5160,-56
474857,35.14,-13624,-5136,60
474874,34.61,-13688,-5028,128
474891,34.08,-13820,-4996,-44
474908,34.35,-14108,-5112,-56
474925,34.63,-14092,-4900,-48
474942,33.56,-14548,-4696,-32
474959,33.29,-14844,-4688,-60
474976,33.03,-14776,-4572,12
474993,32.77,-15212,-4400,-108
475010,33.31,-15596,-4176,64
475027,32.53,-15884,-3968,-156
475044,32.26,-16108,-3628,-92
475061,31.98,-16568,-3416,-244
475078,31.71,-16844,-3096,-188
475095,31.45,-16852,-2708,-288
475112,31.20,-17180,-2344,-184
475129,30.92,-17508,-1836,-332
475146,30.68,-17532,-1552,-424
475163,30.13,-17712,-1004,-304
475180,30.41,-18036,-600,-264
475197,29.88,-18080,-196,-364
475214,30.68,-17924,240,-424
475231,30.66,-17948,676,-492
475248,30.68,-18132,1060,-628
475265,29.93,-17784,1472,-508
475282,30.41,-17840,2016,-552
475299,30.13,-17668,2476,-508
475316,30.66,-17596,2768,-820
475333,30.42,-17216,3204,-740
475350,30.68,-16920,3560,-696
475367,30.94,-16860,3932,-724
475384,31.20,-16420,4260,-728
475401,31.98,-15344,4312,-828
475418,32.26,-17308,5288,-1856
475435,32.52,-17060,5396,-1436
475452,33.31,-13776,4680,-944
475469,32.77,-14972,5308,-756
475486,33.03,-14824,5416,-984
475503,33.82,-14368,5372,-1100
475520,34.88,-14300,5716,-908
475537,33.84,-13432,5512,-868
475554,34.88,-13944,5764,-956
475571,34.61,-13928,5960,-1024
475588,35.16,-12968,5692,-836
475605,34.88,-13364,5968,-976
475622,34.87,-13500,5900,-1100
475639,34.88,-13064,5788,-872
475656,34.88,-13084,6088,-1044
475673,35.69,-13324,5920,-1044
475690,35.14,-13532,6000,-988
475707,34.61,-13336,5796,-732
475724,34.87,-13800,5768,-852
475741,33.82,-14156,5844,-944
475758,33.56,-14080,5688,-904
475775,33.29,-14224,5656,-852
475792,33.05,-14788,5420,-932
475809,32.77,-14868,5392,-880
475826,33.29,-15196,5252,-844
475843,32.50,-15532,5020,-884
475860,32.24,-15900,4680,-808
475877,31.98,-16028,4404,-844
475894,31.21,-16336,4140,-864
475911,30.94,-16684,3860,-836
475928,31.20,-16988,3600,-672
475945,30.94,-17040,3240,-760
475962,30.66,-17464,2856,-708
475979,30.17,-17708,2296,-812
475996,30.42,-17804,1968,-564
476013,29.88,-17752,1512,-820
476030,29.88,-18008,1008,-624
476047,30.68,-18024,444,-712
476064,29.88,-17948,76,-572
476081,29.88,-17980,-284,-528
476098,30.41,-17884,-900,-552
476115,30.15,-17892,-1380,-420
476132,30.68,-17432,-1660,-604
476149,30.94,-17340,-2148,-484
476166,30.66,-17172,-2380,-476
476183,30.94,-16832,-2956,-404
476200,31.21,-16620,-3184,-280
476217,31.45,-16452,-3588,-196
476234,32.24,-16228,-3968,-236
476251,32.52,-15640,-3988,-204
476268,32.77,-15356,-4264,-136
476285,33.05,-15076,-4468,-204
476302,33.31,-14696,-4532,-104
476319,33.58,-14036,-4600,-80
476336,33.84,-15068,-5048,-68
476353,33.56,-14108,-4824,24
476370,34.63,-13692,-4944,0
476387,33.84,-14284,-5200,-132
476404,34.37,-13640,-5012,40
476421,34.87,-13552,-4968,-48
476438,34.09,-13956,-5244,-112
476455,34.88,-13672,-4880,-12
476472,34.88,-13952,-5032,-80
476489,34.35,-13892,-4876,80
476506,33.82,-13760,-4860,168
476523,34.08,-14308,-5056,36
476540,34.35,-14352,-4788,-76
476557,33.29,-14424,-4704,-80
476574,33.05,-14940,-4612,-148
476591,32.77,-14992,-4392,-60
476608,32.52,-15284,-4276,48
476625,32.26,-15640,-3988,-12
476642,31.98,-15852,-3812,-96
476659,32.52,-16188,-3540,-40
476676,32.24,-16444,-3088,-148
476693,31.98,-16676,-2792,-88
476710,31.71,-16980,-2632,-304
476727,30.66,-17012,-2172,-312
476744,30.39,-17276,-1856,-120
476761,30.66,-17500,-1308,-200
476778,30.96,-17668,-1076,-324
476795,30.41,-17756,-564,-332
476812,29.89,-17828,-128,-512
476829,30.68,-17828,276,-316
476846,30.66,-18004,764,-480
476863,30.66,-17892,1192,-636
476880,29.88,-17688,1680,-624
476897,30.41,-17872,2000,-664
476914,30.15,-17360,2512,-524
476931,30.66,-17360,2876,-380
476948,30.92,-17308,3140,-676
476965,30.66,-16820,3500,-772
476982,30.92,-16456,3868,-520
476999,31.18,-16280,4080,-840
477016,31.45,-15584,4116,-752
477033,31.73,-17232,5132,-1688
477050,32.52,-16888,5336,-1556
477067,32.77,-13964,4552,-784
477084,33.05,-14944,5220,-924
477101,33.31,-14956,5544,-1064
477118,33.58,-14252,5368,-848
477135,33.84,-14380,5596,-888
477152,34.08,-13616,5380,-904
477169,33.84,-13904,5772,-1108
477186,34.35,-13932,5880,-836
477203,34.09,-13108,5544,-920
477220,34.63,-13572,5888,-1040
477237,34.61,-13400,5792,-856
477254,34.61,-13388,5732,-996
477271,34.63,-13560,5868,-908
477288,34.09,-13308,5812,-900
477305,34.88,-13620,5840,-1060
477322,34.35,-13688,5636,-900
477339,34.09,-13796,5744,-968
477356,33.55,-14252,5776,-948
477373,33.31,-14112,5524,-828
477390,33.05,-14484,5388,-916
477407,32.77,-14888,5252,-848
477424,32.52,-15000,5184,-1024
477441,32.26,-15444,4956,-828
477458,31.98,-15612,4776,-1084
477475,32.52,-15788,4544,-920
477492,32.26,-16208,4264,-780
477509,32.00,-16440,3912,-956
477526,31.73,-16648,3772,-800
477543,30.66,-16984,3220,-836
477560,30.41,-17244,2948,-840
477577,30.66,-17340,2644,-832
477594,30.13,-17592,2240,-776
477611,30.41,-17740,1748,-852
477628,29.88,-17704,1416,-760
477645,29.88,-17720,972,-600
477662,29.88,-17844,488,-724
477679,29.88,-17908,-4,-496
477696,29.88,-17640,-428,-660
477713,30.41,-17704,-780,-428
477730,30.15,-17616,-1264,-568
477747,30.68,-17612,-1800,-604
477764,30.92,-17224,-2180,-528
477781,30.66,-17104,-2328,-420
477798,30.92,-16956,-2880,-296
477815,31.20,-16596,-3196,-172
477832,31.47,-16180,-3388,-392
477849,31.73,-16072,-3692,-276
477866,32.00,-15840,-3960,-88
477883,32.26,-15348,-4064,-108
477900,32.52,-15024,-4384,-80
477917,32.79,-15044,-4484,-72
477934,33.82,-14536,-4564,-48
477951,33.58,-14744,-4676,-76
477968,33.80,-14652,-4892,-112
477985,34.35,-13644,-4608,-148
478002,34.08,-14232,-4896,-100
478019,34.09,-13972,-5008,-156
478036,34.63,-13508,-4800,92
478053,33.84,-14200,-5108,-44
478070,34.61,-13736,-4816,116
478087,34.63,-13844,-4996,-100
478104,34.09,-14300,-4880,104
478121,33.56,-14060,-4760,16
478138,33.84,-14384,-4680,24
478155,34.09,-14748,-4688,-84
478172,33.84,-14596,-4484,-88
478189,32.77,-15004,-4380,-20
478206,32.52,-15168,-4156,-60
478223,32.77,-15508,-4024,-16
478240,31.98,-15640,-3792,24
478257,31.73,-15840,-3596,-80
478274,31.45,-16288,-3292,-120
478291,31.21,-16572,-3056,60
478308,30.94,-16704,-2716,8
478325,31.20,-16904,-2288,-212
478342,30.94,-17132,-1916,-244
478359,31.20,-17252,-1692,-256
478376,30.13,-17316,-1252,-352
478393,30.41,-17688,-728,-432
478410,29.89,-17720,-396,-252
478427,30.68,-17704,64,-316
478444,30.68,-17688,376,-360
478461,30.66,-17724,824,-464
478478,29.88,-17744,1184,-492
478495,29.89,-17520,1692,-492
478512,30.41,-17616,2168,-528
478529,30.15,-17468,2460,-652
478546,30.68,-17164,2856,-636
478563,30.94,-16916,3268,-556
478580,30.68,-16712,3356,-676
478597,30.94,-16640,3732,-656
478614,31.20,-16112,4132,-800
478631,31.47,-15256,4136,-928
478648,31.74,-17192,5060,-1552
478665,31.98,-16920,5208,-1524
478682,32.26,-13744,4424,-864
478699,32.52,-15060,5228,-636
478716,32.77,-14996,5236,-1104
478733,33.03,-14280,5176,-960
478750,33.31,-14424,5600,-924
478767,33.84,-13500,5336,-856
478784,34.08,-13992,5656,-984
478801,34.63,-13852,5740,-884
478818,34.35,-13100,5528,-892
478835,34.35,-13792,5660,-1068
478852,34.35,-13460,5708,-900
478869,34.37,-13388,5720,-1052
478886,34.35,-13780,5756,-956
478903,33.84,-13416,5544,-1020
478920,34.63,-13880,5628,-1012
478937,34.09,-13716,5572,-952
478954,33.84,-14008,5484,-1112
478971,34.09,-14436,5524,-1124
478988,33.03,-14068,5344,-908
479005,32.77,-14800,5248,-960
479022,33.03,-14936,5052,-1036
479039,32.77,-14848,4940,-1120
479056,32.52,-15412,4768,-1108
479073,32.22,-15732,4536,-956
479090,31.45,-16068,4296,-972
479107,31.18,-16112,4040,-920
479124,32.24,-16472,3692,-812
479141,31.20,-16796,3388,-880
479158,30.94,-16936,3188,-932
479175,31.20,-17096,2784,-932
479192,30.66,-17504,2404,-912
479209,30.92,-17564,1984,-744
479226,30.41,-17516,1584,-724
479243,29.89,-17640,1200,-720
479260,29.88,-17828,688,-716
479277,29.88,-17804,260,-704
479294,29.88,-17720,-80,-628
479311,30.41,-17736,-572,-472
479328,30.41,-17700,-1012,-684
479345,30.15,-17412,-1368,-632
479362,30.68,-17268,-1664,-368
479379,30.92,-17188,-2168,-640
479396,30.66,-16748,-2296,-608
479413,30.94,-16640,-2780,-336
479430,31.20,-16508,-3120,-140
479447,31.44,-16140,-3452,-96
479464,32.52,-15724,-3652,-244
479481,32.77,-15684,-3728,-264
479498,33.05,-15384,-4108,24
479515,32.77,-14956,-4204,-152
479532,33.03,-14888,-4300,-96
479549,33.31,-14620,-4484,0
479566,33.05,-13900,-4480,-216
479583,33.58,-14744,-4764,-124
479600,33.31,-14152,-4592,144
479617,33.84,-13772,-4652,-80
479634,34.35,-14400,-4920,76
479651,33.56,-13628,-4592,64
479668,33.58,-13812,-4744,124
479685,34.37,-14248,-4820,156
479702,34.35,-13760,-4628,164
479719,33.84,-14244,-4768,120
479736,33.29,-14288,-4616,272
479753,33.56,-14428,-4508,84
479770,33.82,-14716,-4480,-20
479787,32.77,-14712,-4296,308
479804,32.50,-15112,-4216,-56
479821,32.77,-15336,-4056,164
479838,32.52,-15360,-3728,72
479855,32.24,-15784,-3592,12
479872,32.00,-16088,-3356,-16
479889,31.73,-16152,-3024,-108
479906,31.47,-16416,-2680,-172
479923,31.21,-16716,-2520,-232
479940,31.47,-16980,-2256,-104
479957,30.39,-16996,-1804,-148
479974,30.68,-17100,-1400,-280
479991,30.92,-17400,-1092,-60
480008,30.41,-17480,-560,-76
480025,29.93,-17576,-180,-204
480042,30.66,-17724,152,-396
480059,30.68,-17660,572,-344
480076,30.68,-17644,984,-556
480093,29.89,-17700,1316,-608
480110,29.88,-17520,1732,-360
480127,30.41,-17364,2192,-496
480144,30.15,-17296,2408,-732
480161,30.68,-17092,2808,-508
480178,30.92,-16940,3184,-548
480195,30.66,-16524,3620,-692
480212,30.92,-16336,3816,-708
480229,31.18,-16184,4088,-732
480246,31.45,-15040,4096,-788
480263,31.73,-16688,5040,-1500
480280,32.77,-16784,5156,-1460
480297,33.05,-14012,4436,-872
480314,33.31,-14952,5084,-860
480331,33.56,-14744,5116,-1048
480348,33.31,-14500,5228,-980
480365,33.56,-14480,5424,-772
480382,33.31,-13304,5176,-776
480399,33.82,-14216,5564,-1100
480416,33.55,-14084,5548,-984
480433,34.09,-13084,5492,-1008
480450,34.09,-13776,5736,-952
480467,34.11,-13632,5572,-952
480484,34.09,-13588,5396,-1036
480501,34.08,-13736,5536,-1052
480518,33.56,-13596,5480,-1084
480535,34.35,-14060,5488,-1076
480552,33.84,-13900,5428,-944
480569,33.56,-14024,5388,-904
480586,33.03,-14432,5464,-1196
480603,32.77,-14412,5048,-972
480620,33.05,-14612,5296,-944
480637,32.77,-15040,4872,-1156
480654,32.52,-15264,4724,-908
480671,32.26,-15484,4664,-1144
480688,32.00,-15600,4416,-924
480705,31.73,-16180,4168,-1032
480722,31.47,-16304,3788,-1080
480739,31.73,-16312,3560,-916
480756,30.66,-16648,3280,-840
480773,30.41,-17076,2960,-1036
480790,30.66,-17044,2464,-748
480807,30.15,-17288,2180,-944
480824,30.42,-17384,1736,-1004
480841,29.89,-17496,1328,-724
480858,29.88,-17572,1048,-740
480875,29.89,-17552,628,-700
480892,29.88,-17648,172,-700
480909,29.89,-17568,-272,-724
480926,30.41,-17400,-700,-592
480943,30.94,-17388,-1112,-492
480960,30.15,-17328,-1480,-508
480977,31.20,-17120,-1864,-544
480994,30.94,-16968,-2200,-436
481011,30.68,-16668,-2444,-304
481028,30.96,-16444,-2844,-100
481045,31.98,-16244,-3084,-48
481062,32.26,-15920,-3400,-68
481079,32.52,-15928,-3548,-244
481096,32.26,-15532,-3848,-48
481113,32.53,-15232,-4012,-112
481130,32.77,-15052,-4064,-88
481147,32.52,-15076,-4244,36
481164,33.56,-14620,-4332,4
481181,33.31,-14252,-4316,92
481198,33.05,-14496,-4608,-16
481215,33.56,-14820,-4800,104
481232,34.09,-13748,-4456,104
481249,33.31,-14388,-4692,8
481266,33.29,-14300,-4648,136
481283,33.31,-13676,-4496,88
481300,33.31,-14368,-4588,124
481317,34.09,-14244,-4640,156
481334,33.56,-14204,-4400,252
481351,33.03,-14540,-4412,96
481368,33.31,-14420,-4244,172
481385,33.56,-14904,-4288,252
481402,32.53,-14832,-4068,24
481419,32.26,-14996,-3800,200
481436,32.52,-15552,-3796,96
481453,32.24,-15556,-3552,96
481470,32.00,-15744,-3396,-36
481487,32.24,-16108,-3064,8
481504,31.98,-16376,-2836,52
481521,30.94,-16528,-2632,4
481538,30.66,-16640,-2412,28
481555,30.92,-17008,-1972,24
481572,31.21,-17140,-1624,-148
481589,30.15,-17216,-1272,-260
481606,30.41,-17252,-804,-132
481623,29.88,-17616,-584,-232
481640,29.88,-17524,-104,-324
481657,30.68,-17380,296,-312
481674,30.66,-17552,692,-504
481691,30.66,-17584,980,-256
481708,29.88,-17576,1424,-528
481725,30.42,-17240,1872,-508
481742,30.94,-17400,2204,-552
481759,30.15,-17228,2544,-568
481776,31.20,-16756,2920,-620
481793,30.94,-16748,3268,-556
481810,31.20,-16556,3572,-644
481827,30.94,-16236,3748,-916
481844,31.21,-15880,3968,-840
481861,31.45,-15240,4060,-696
481878,32.50,-16500,4936,-1184
481895,32.77,-16272,4960,-1164
481912,33.03,-13940,4396,-876
481929,32.79,-14964,5012,-836
481946,33.05,-14752,5020,-1060
481963,32.77,-14316,5060,-1016
481980,33.84,-14548,5364,-832
481997,33.58,-13608,5092,-936
482014,33.32,-14232,5488,-1220
482031,33.84,-13940,5504,-1124
482048,33.84,-13468,5256,-880
482065,34.37,-14040,5492,-1048
482082,34.35,-13644,5528,-1092
482099,34.37,-13756,5312,-868
482116,33.82,-13944,5408,-1180
482133,33.84,-13720,5360,-1060
482150,34.08,-14128,5376,-1180
482167,33.56,-14060,5176,-1024
482184,33.84,-14304,5172,-920
482201,32.77,-14536,5172,-1288
482218,33.03,-14480,4996,-852
482235,32.79,-14956,4832,-952
482252,32.52,-15144,4712,-1108
482269,32.26,-15192,4516,-1140
482286,32.00,-15616,4364,-936
482303,32.24,-15796,4084,-1104
482320,31.98,-16128,3904,-1024
482337,30.94,-16216,3760,-1080
482354,31.20,-16572,3276,-1120
482371,30.94,-16912,3000,-920
482388,31.20,-16796,2788,-1108
482405,30.66,-17052,2344,-1020
482422,30.94,-17340,1932,-1000
482439,30.41,-17336,1704,-856
482456,29.88,-17300,1184,-916
482473,29.88,-17500,808,-780
482490,29.88,-17452,484,-760
482507,29.88,-17296,-76,-752
482524,29.86,-17548,-452,-752
482541,30.41,-17420,-872,-624
482558,30.92,-17220,-1172,-464
482575,30.66,-17068,-1608,-520
482592,31.20,-17028,-1988,-288
482609,30.94,-16792,-2312,-384
482626,31.20,-16468,-2248,-556
482643,30.94,-16412,-2792,-244
482660,31.20,-16176,-3164,-48
482677,32.26,-15824,-3344,-104
482694,31.98,-15652,-3576,60
482711,32.24,-15368,-3644,-28
482728,32.52,-15412,-3860,-16
482745,32.24,-14996,-3992,-80
482762,33.31,-14824,-4152,-84
482779,33.05,-14840,-4176,112
482796,32.77,-14360,-4368,112
482813,33.31,-14016,-4328,196
482830,33.84,-14924,-4556,-100
482847,33.03,-14492,-4520,120
482864,33.05,-13740,-4512,180
482881,33.56,-14484,-4664,124
482898,34.37,-14088,-4424,288
482915,33.05,-14352,-4484,128
482932,33.84,-14468,-4404,124
482949,33.29,-14100,-4240,112
482966,32.77,-14788,-4248,220
482983,33.03,-14728,-4240,172
483000,33.31,-14712,-4044,284
483017,32.24,-15208,-3912,212
483034,32.50,-15356,-3796,292
483051,32.24,-15452,-3656,96
483068,32.52,-15592,-3460,224
483085,32.26,-15964,-3136,220
483102,31.21,-16068,-2848,224
483119,30.94,-16336,-2576,-8
483136,31.20,-16592,-2440,120
483153,31.45,-16748,-2100,-8
483170,30.41,-16832,-1688,-56
483187,30.68,-16996,-1280,-8
483204,30.94,-17280,-1076,-28
483221,30.39,-17300,-628,-68
483238,29.88,-17264,-256,-236
483255,29.94,-17356,-24,-168
483272,30.66,-17556,440,-380
483289,30.68,-17348,860,-308
483306,30.66,-17348,1144,-388
483323,29.88,-17288,1608,-336
483340,30.41,-17268,1828,-532
483357,30.94,-17072,2352,-620
483374,30.66,-16956,2664,-648
483391,30.42,-16844,2948,-692
483408,30.94,-16440,3176,-556
483425,31.20,-16276,3516,-684
483442,30.92,-16152,3764,-844
483459,31.20,-15932,4056,-968
483476,31.45,-15356,4120,-828
483493,32.52,-15664,4380,-796
483510,32.24,-16056,4612,-1012
483527,32.52,-14128,4372,-900
483544,32.77,-14696,4932,-876
483561,32.52,-15016,5084,-1164
483578,33.56,-14112,4852,-1108
483595,33.31,-14356,5196,-1068
483612,33.03,-13636,5072,-1000
483629,33.56,-14184,5268,-1276
483646,34.09,-14380,5448,-1200
483663,33.29,-13276,5164,-864
483680,33.31,-14008,5388,-1176
483697,33.31,-14100,5284,-1196
483714,33.29,-13640,5180,-940
483731,33.56,-13932,5336,-1040
483748,33.56,-14064,5116,-1328
483765,33.84,-14228,5232,-1196
483782,33.31,-14104,5092,-1140
483799,33.56,-14348,4992,-1120
483816,32.52,-14808,4948,-1144
483833,32.77,-14624,4776,-1028
483850,32.50,-14784,4768,-1032
483867,32.26,-15548,4480,-1176
483884,32.52,-15376,4340,-1156
483901,31.45,-15660,4184,-1036
483918,31.20,-15900,3916,-1008
483935,31.45,-16212,3748,-1124
483952,31.21,-16228,3432,-1152
483969,31.45,-16372,3132,-1032
483986,30.41,-16976,2792,-1188
484003,30.66,-16884,2528,-1096
484020,30.15,-16820,2028,-740
484037,30.41,-17168,1852,-864
484054,30.41,-17412,1300,-944
484071,29.88,-17404,960,-880
484088,29.88,-17288,680,-856
484105,29.91,-17564,264,-796
484122,29.89,-17292,-124,-728
484139,30.41,-17268,-520,-724
484156,30.39,-17380,-952,-836
484173,30.13,-17204,-1320,-596
484190,30.66,-17144,-1760,-552
484207,30.41,-16724,-1924,-392
484224,30.94,-16612,-2232,-444
484241,31.18,-16704,-2584,-372
484258,30.94,-16244,-2896,-352
484275,31.98,-16032,-3080,-228
484292,32.26,-15868,-3252,-260
484309,32.00,-15640,-3556,32
484326,32.26,-15428,-3812,-72
484343,32.00,-15300,-3892,-168
484360,33.03,-15196,-4012,-28
484377,32.77,-14668,-4056,152
484394,32.52,-14684,-4176,-28
484411,33.03,-14680,-4296,140
484428,33.58,-14432,-4184,32
484445,32.79,-14192,-4412,288
484462,33.31,-14360,-4508,180
484479,33.32,-14732,-4480,244
484496,33.29,-13944,-4116,316
484513,33.29,-14396,-4236,296
484530,34.09,-14628,-4368,120
484547,32.76,-14372,-4192,408
484564,33.03,-14636,-4200,268
484581,32.52,-14568,-3980,272
484598,32.77,-14924,-3952,340
484615,32.24,-15200,-3836,220
484632,32.50,-15020,-3612,408
484649,32.24,-15408,-3416,360
484666,32.50,-15828,-3340,180
484683,31.47,-15628,-3156,136
484700,31.18,-15864,-2908,160
484717,31.45,-16152,-2572,344
484734,31.20,-16392,-2436,40
484751,30.66,-16500,-2084,104
484768,30.92,-16760,-1752,204
484785,31.18,-16988,-1404,12
484802,30.13,-17108,-1120,136
484819,30.41,-17020,-776,-56
484836,30.41,-17332,-456,-92
484853,29.88,-17404,-136,-292
484870,30.65,-17272,180,-180
484887,30.66,-17336,700,-244
484904,30.66,-17468,940,-280
484921,29.88,-17340,1280,-516
484938,29.88,-17148,1720,-396
484955,30.41,-17196,2164,-360
484972,30.13,-16896,2348,-432
484989,30.68,-16780,2704,-624
485006,30.41,-16568,2960,-716
485023,31.45,-16468,3288,-728
485040,31.20,-16156,3420,-744
485057,31.45,-15900,3728,-868
485074,31.20,-15780,3968,-852
485091,31.45,-15592,4172,-884
485108,32.50,-14568,4112,-408
485125,32.24,-15852,4704,-692
485142,32.52,-14836,4460,-924
485159,32.24,-14576,4592,-888
485176,33.29,-14720,4988,-1112
485193,33.03,-14068,4772,-1040
485210,32.76,-14640,4992,-1128
485227,33.31,-13812,4948,-1108
485244,33.82,-13856,5048,-1232
485261,33.03,-14652,5360,-1268
485278,33.56,-13528,5000,-964
485295,33.56,-13932,5148,-1168
485312,33.03,-14004,5252,-1368
485329,33.05,-13912,5184,-1120
485346,33.82,-14172,5152,-1228
485363,33.29,-13940,5032,-1184
485380,32.77,-14416,5040,-1368
485397,33.03,-14508,4956,-1168
485414,33.29,-14320,4776,-1032
485431,32.24,-14920,4836,-1276
485448,32.50,-14800,4652,-1336
485465,32.77,-15120,4428,-1132
485482,32.52,-15368,4244,-1072
485499,31.45,-15492,4088,-1140
485516,31.73,-15780,3828,-1252
485533,31.47,-15916,3628,-1268
485550,31.71,-15992,3536,-1220
485567,30.65,-16320,3316,-1164
485584,30.94,-16544,2852,-1000
485601,30.39,-16692,2692,-1140
485618,30.66,-16952,2236,-880
485635,30.94,-17048,1748,-860
485652,30.41,-17088,1480,-952
485669,30.39,-17220,1252,-1016
485686,29.89,-17448,756,-984
485703,29.88,-17416,360,-864
485720,29.88,-17324,68,-860
485737,29.88,-17288,-296,-792
485754,30.39,-17316,-788,-616
485771,30.94,-17084,-1052,-704
485788,30.15,-16912,-1404,-476
485805,30.66,-16928,-1672,-528
485822,30.39,-16736,-2164,-412
485839,31.47,-16532,-2412,-532
485856,31.20,-16240,-2784,-424
485873,31.44,-16116,-2800,-136
485890,31.20,-15968,-3084,-224
485907,32.24,-15804,-3292,-184
485924,31.97,-15588,-3456,-56
485941,31.73,-15408,-3656,-40
485958,32.77,-15104,-3844,-168
485975,32.52,-14948,-3852,-72
485992,32.24,-14784,-4116,232
486009,32.77,-14896,-4100,164
486026,32.50,-14556,-4148,28
486043,33.05,-14436,-4116,156
486060,33.03,-14472,-4156,112
486077,33.56,-14304,-4152,168
486094,33.56,-14380,-4284,280
486111,33.56,-14628,-4352,312
486128,33.05,-14316,-4128,296
486145,33.03,-14604,-4160,232
486162,32.52,-14640,-4016,272
486179,32.77,-14592,-3916,280
486196,32.24,-14984,-3888,372
486213,32.52,-14776,-3636,232
486230,31.97,-15168,-3660,256
486247,32.26,-15484,-3492,216
486264,31.98,-15336,-3248,372
486281,31.45,-15648,-2976,268
486298,31.20,-16064,-2788,276
486315,31.47,-16156,-2676,328
486332,31.71,-16192,-2312,128
486349,30.66,-16444,-2152,148
486366,30.94,-16804,-1904,84
486383,31.20,-16640,-1580,92
486400,30.66,-16852,-1212,128
486417,30.92,-16984,-944,92
486434,30.41,-17160,-560,-4
486451,29.88,-17028,-172,48
486468,29.88,-17248,172,-184
486485,30.66,-17444,432,-144
486502,30.68,-17256,764,-172
486519,30.66,-17084,1216,-272
486536,29.88,-17168,1448,-340
486553,30.41,-17124,1796,-208
486570,30.92,-16992,2144,-472
486587,30.15,-16816,2600,-556
