677463,39.00,-15824,396,-736
677480,38.98,-15728,476,-608
677497,39.00,-15784,560,-524
677514,39.00,-15652,480,-588
677531,38.54,-15728,480,-636
677548,38.54,-15784,412,-648
677565,39.00,-15752,404,-448
677582,38.98,-15620,528,-44
677599,38.98,-15820,524,-292
677616,38.98,-15868,336,-212
677633,38.98,-15768,264,-160
677650,39.00,-15840,404,-352
677667,39.00,-15884,436,-188
677684,38.98,-15816,544,-488
677701,38.98,-15588,772,-396
677718,38.98,-15668,652,-428
677735,38.98,-15656,536,-632
677752,38.98,-15668,560,-520
677769,39.00,-15560,620,-552
677786,39.00,-15628,576,-416
677803,38.98,-15800,588,-468
677820,38.98,-15576,532,-564
677837,39.44,-15620,652,-304
677854,38.98,-15612,804,-304
677871,39.00,-15432,696,-388
677888,38.98,-15436,1684,-800
677905,39.00,-14284,3236,-1048
677922,38.98,-10920,4700,-204
677939,39.69,-11344,6024,-952
677956,38.28,-12840,8408,-1164
677973,38.06,-10608,6988,-588
677990,37.37,-12116,7484,-832
678007,37.82,-12856,7696,-848
678024,37.82,-11968,7124,-680
678041,36.17,-13544,7608,-792
678058,36.89,-13180,7068,-828
678075,36.43,-14168,7236,-756
678092,35.40,-14732,7252,-724
678109,34.87,-14488,6628,-696
678126,34.35,-16208,6780,-972
678143,33.31,-16460,6312,-872
678160,32.77,-16480,5764,-816
678177,32.26,-17840,5812,-912
678194,31.71,-18092,5256,-892
678211,31.71,-18288,4648,-728
678228,31.71,-18984,4184,-804
678245,30.92,-19416,3492,-804
678262,30.66,-19564,2896,-704
678279,30.39,-19776,2176,-668
678296,29.88,-20076,1456,-724
678313,29.88,-20132,840,-700
678330,30.66,-20044,64,-620
678347,29.88,-20092,-632,-636
678364,30.42,-19788,-1208,-592
678381,30.68,-19608,-1804,-552
678398,30.94,-19184,-2572,-412
678415,31.73,-19076,-3220,-428
678432,31.71,-18556,-3712,-516
678449,31.71,-18104,-4132,-156
678466,32.26,-17584,-4600,-444
678483,32.77,-17112,-5096,-364
678500,33.31,-16384,-5284,-228
678517,33.82,-15996,-5616,-124
678534,34.35,-15536,-5820,-164
678551,35.40,-14880,-6004,-256
678568,35.41,-14172,-5988,-172
678585,35.93,-14048,-6328,68
678602,36.41,-14192,-6584,-116
678619,37.58,-12764,-6120,-80
678636,37.13,-12716,-6376,-264
678653,38.28,-12876,-6608,120
678670,38.52,-12132,-6280,-112
678687,38.30,-12040,-6448,-20
678704,37.59,-12204,-6452,68
678721,37.59,-12036,-6360,-32
678738,37.59,-12136,-6476,-8
678755,38.74,-12172,-6500,-60
678772,37.35,-12368,-6424,-60
678789,37.13,-12532,-6440,-188
678806,38.04,-12668,-6248,-108
678823,36.89,-13232,-6392,-184
678840,36.89,-13340,-6300,-60
678857,36.43,-13776,-6108,-212
678874,36.43,-14356,-6084,-124
678891,35.93,-14884,-5928,-356
678908,35.41,-15160,-5832,-244
678925,34.88,-15864,-5500,-440
678942,33.82,-16400,-5344,-376
678959,33.31,-16884,-4896,-360
678976,32.77,-17432,-4604,-344
678993,32.77,-17996,-4148,-404
679010,32.28,-18468,-3728,-584
679027,31.47,-18832,-3152,-656
679044,30.68,-19052,-2488,-632
679061,31.20,-19616,-1932,-768
679078,30.13,-19716,-1328,-816
679095,30.41,-19792,-696,-844
679112,29.88,-19788,12,-908
679129,30.66,-19968,688,-880
679146,29.88,-20020,1316,-1092
679163,30.39,-19656,2104,-896
679180,30.15,-19424,2760,-1012
679197,30.41,-19476,3260,-856
679214,30.66,-18836,3836,-972
679231,31.45,-18224,4316,-940
679248,31.47,-19368,5232,-1160
679265,32.77,-18560,5648,-1120
679282,33.29,-15796,5368,-660
679299,33.82,-16540,6352,-800
679316,34.33,-16472,6644,-1100
679333,34.08,-15240,6528,-728
679350,34.61,-14912,7036,-908
679367,35.93,-13920,6944,-796
679384,36.43,-13764,7008,-828
679401,36.89,-13636,7436,-872
679418,37.35,-12472,7168,-760
679435,36.89,-12632,7296,-796
679452,38.06,-12544,7408,-916
679469,37.11,-11768,7248,-712
679486,37.35,-11704,7444,-564
679503,38.74,-11732,7268,-760
679520,38.06,-11364,7260,-624
679537,38.06,-11476,7396,-548
679554,38.06,-11444,7272,-652
679571,38.78,-11700,7392,-660
679588,37.35,-11672,7432,-636
679605,37.13,-11944,7316,-620
679622,38.06,-12376,7364,-724
679639,36.89,-12532,7276,-840
679656,36.89,-12772,7268,-740
679673,36.43,-13416,7180,-704
679690,36.43,-13900,7104,-704
679707,35.93,-14308,7076,-896
679724,35.41,-14808,6896,-672
679741,34.87,-15464,6672,-632
679758,34.35,-15872,6420,-888
679775,33.84,-16360,6072,-616
679792,33.29,-16980,5708,-652
679809,32.77,-17592,5324,-744
679826,31.45,-18064,4928,-704
679843,31.47,-18396,4368,-772
679860,30.68,-19068,3760,-908
679877,30.41,-19352,3292,-584
679894,30.15,-19524,2644,-724
679911,30.41,-19640,2036,-724
679928,29.88,-19960,1260,-860
679945,30.66,-19944,508,-780
679962,29.88,-19728,-32,-716
679979,30.39,-19764,-768,-528
679996,30.13,-19824,-1440,-768
680013,31.20,-19196,-2172,-584
680030,31.45,-19028,-2784,-508
680047,30.94,-18668,-3328,-452
680064,32.24,-18088,-3844,-440
680081,32.24,-17752,-4312,-348
680098,32.77,-17304,-4732,-216
680115,32.77,-16756,-4976,-396
680132,33.31,-16152,-5276,-340
680149,33.80,-14852,-5340,-256
680166,34.37,-15972,-5980,-368
680183,34.87,-14968,-5976,-256
680200,36.19,-13576,-5860,-252
680217,36.19,-14488,-6332,-24
680234,36.19,-13536,-6236,-216
680251,37.35,-12756,-6108,-180
680268,36.43,-12976,-6404,-72
680285,37.13,-12568,-6300,24
680302,37.35,-12408,-6292,-64
680319,38.30,-12356,-6444,-60
680336,37.13,-12080,-6328,-32
680353,37.59,-12388,-6432,-60
680370,37.13,-12304,-6360,-80
680387,37.37,-12264,-6268,-116
680404,38.06,-12660,-6332,-40
680421,37.82,-12788,-6148,-140
680438,36.67,-12956,-6132,-316
680455,37.15,-13392,-6108,-256
680472,35.95,-13752,-6048,-176
680489,35.93,-14260,-5980,-172
680506,35.93,-14516,-5792,-172
680523,35.40,-15120,-5532,-248
680540,34.88,-15660,-5552,-392
680557,34.37,-16060,-5164,-404
680574,33.03,-16436,-4712,-332
680591,32.50,-17096,-4588,-296
680608,31.98,-17480,-4212,-436
680625,31.98,-17916,-3824,-532
680642,32.00,-18572,-3224,-608
680659,31.20,-18728,-2752,-772
680676,30.92,-19164,-2128,-672
680693,30.66,-19320,-1460,-736
680710,30.41,-19612,-880,-808
680727,29.88,-19784,-256,-820
680744,30.66,-19540,356,-1008
680761,30.66,-19708,1004,-968
680778,29.88,-19736,1608,-852
680795,30.41,-19260,2240,-848
680812,30.66,-19200,2980,-1076
680829,30.94,-18928,3624,-836
680846,31.20,-18388,3880,-1020
680863,31.20,-17632,4412,-984
680880,31.98,-19272,5400,-1500
680897,32.52,-18636,5728,-1332
680914,33.03,-15468,5308,-852
680931,33.03,-16344,6284,-960
680948,33.56,-16180,6404,-1100
680965,34.09,-14992,6320,-1088
680982,35.41,-14856,6804,-880
680999,35.95,-13660,6668,-828
681016,35.93,-13808,6904,-992
681033,36.43,-13768,7188,-936
681050,37.59,-12432,6900,-720
681067,36.67,-12600,7092,-748
681084,37.37,-12620,7168,-796
681101,38.06,-11864,7044,-684
681118,37.82,-11744,7252,-704
681135,37.13,-11780,7172,-708
681152,37.59,-11880,7280,-708
681169,37.59,-11772,7252,-676
681186,37.15,-11516,7208,-624
681203,37.83,-11976,7332,-568
681220,38.06,-12004,7172,-744
681237,37.35,-12152,7140,-436
681254,36.67,-12692,7232,-608
681271,37.13,-12756,7140,-612
681288,35.95,-13260,7184,-640
681305,35.93,-13756,7012,-552
681322,35.93,-14136,6968,-604
681339,35.41,-14528,6800,-680
681356,34.08,-15060,6676,-552
681373,33.56,-15648,6340,-812
681390,33.05,-16232,6116,-708
681407,32.52,-16608,5780,-796
681424,32.52,-17224,5492,-632
681441,31.98,-17720,4976,-800
681458,31.20,-18180,4624,-768
681475,31.20,-18480,4052,-836
681492,30.92,-18988,3504,-680
681509,30.66,-19392,2828,-800
681526,30.41,-19348,2232,-676
681543,29.89,-19500,1656,-676
681560,30.68,-19900,860,-592
681577,30.68,-19800,284,-808
681594,29.88,-19628,-476,-684
681611,30.42,-19456,-1016,-672
681628,30.15,-19328,-1796,-428
681645,30.42,-19104,-2336,-684
681662,31.20,-18728,-2868,-780
681679,31.45,-18280,-3340,-532
681696,31.47,-18040,-3972,-420
681713,32.77,-17532,-4388,-360
681730,32.77,-16764,-4648,-364
681747,33.31,-16432,-5032,-268
681764,33.84,-15136,-5176,-532
681781,33.84,-16152,-5736,-368
681798,35.16,-15256,-5924,-288
681815,35.67,-14060,-5712,-524
681832,35.67,-14492,-6168,-312
681849,35.67,-13680,-6124,-140
681866,36.43,-13152,-6068,-324
681883,37.58,-13272,-6312,-168
681900,36.19,-12796,-6124,-260
681917,36.43,-12668,-6212,-76
681934,37.83,-12692,-6348,-260
681951,36.67,-12276,-6128,-308
681968,37.13,-12468,-6208,20
681985,37.13,-12568,-6308,-96
682002,38.30,-12448,-6140,-152
682019,36.89,-12640,-6156,-36
682036,36.67,-12840,-6272,-224
682053,36.43,-13112,-6104,-48
682070,36.19,-13472,-6020,16
682087,36.19,-13648,-5868,-176
682104,35.40,-14088,-5812,-260
682121,35.41,-14556,-5700,-124
682138,34.88,-14804,-5468,-260
682155,34.88,-15388,-5432,-324
682172,33.55,-15948,-5116,-340
682189,33.03,-16252,-4908,-336
682206,33.03,-16752,-4436,-388
682223,32.50,-17252,-4120,-492
682240,32.52,-17752,-3720,-424
682257,31.71,-18164,-3428,-544
682274,31.73,-18428,-2752,-564
682291,30.92,-18860,-2300,-652
682308,30.68,-18956,-1688,-648
682325,30.94,-19168,-1108,-664
682342,29.88,-19380,-596,-740
682359,30.66,-19576,-8,-940
682376,30.66,-19504,680,-840
682393,29.88,-19348,1356,-896
682410,30.41,-19296,1924,-872
682427,30.92,-19244,2416,-1012
682444,31.20,-18992,3116,-976
682461,31.47,-18476,3724,-976
682478,30.94,-18004,4144,-1024
682495,31.73,-16340,4348,-908
682512,31.71,-18676,5644,-1920
682529,33.03,-18604,5780,-1916
682546,33.03,-14936,5224,-836
682563,33.55,-16052,6060,-736
682580,34.09,-15588,6204,-1068
682597,34.08,-14796,6276,-900
682614,35.41,-14580,6544,-852
682631,35.40,-13580,6480,-792
682648,36.65,-13884,6812,-820
682665,36.65,-13516,6932,-768
682682,36.20,-12480,6740,-688
682699,36.89,-12620,6988,-812
682716,37.11,-12708,7028,-768
682733,36.89,-12108,6892,-576
682750,36.65,-11856,7160,-804
682767,37.11,-12020,7084,-716
682784,37.59,-12064,7076,-712
682801,37.11,-11892,6988,-732
682818,36.65,-11904,6980,-512
682835,36.89,-12304,7068,-732
682852,36.65,-12344,6996,-676
682869,36.41,-12516,7048,-636
682886,36.87,-12932,6976,-732
682903,36.17,-13360,6900,-768
682920,36.17,-13588,6896,-708
682937,36.20,-13940,6952,-592
682954,34.88,-14448,6664,-648
682971,34.88,-15140,6532,-584
682988,33.56,-15436,6236,-732
683005,33.03,-15848,6164,-688
683022,33.03,-16444,5832,-740
683039,32.52,-16968,5512,-844
683056,31.71,-17244,5144,-712
683073,31.71,-17816,4624,-604
683090,30.94,-18204,4192,-700
683107,31.45,-18508,3616,-792
683124,30.66,-18940,3048,-872
683141,30.94,-19172,2504,-680
683158,30.39,-19292,1808,-716
683175,29.88,-19436,1180,-640
683192,30.66,-19572,464,-672
683209,30.65,-19560,-132,-712
683226,29.88,-19464,-776,-596
683243,30.92,-19268,-1308,-624
683260,30.66,-18928,-2040,-592
683277,30.92,-18776,-2516,-520
683294,31.71,-18264,-3076,-620
683311,31.20,-17976,-3612,-488
683328,32.50,-17672,-4144,-400
683345,32.52,-17052,-4404,-400
683362,32.50,-16432,-4672,-596
683379,33.82,-16112,-5056,-508
683396,33.82,-15932,-5300,-248
683413,34.33,-15616,-5768,-368
683430,34.35,-14368,-5608,-408
683447,35.14,-14572,-5832,-384
683464,35.14,-14184,-6016,-264
683481,35.93,-13216,-5772,-260
683498,36.67,-13252,-6052,-288
683515,37.37,-13312,-6148,-264
683532,36.41,-12724,-6028,-232
683549,37.35,-12776,-6100,-164
683566,36.20,-12668,-6060,-40
683583,36.67,-12476,-6060,-168
683600,37.11,-12528,-6072,-252
683617,36.63,-12532,-6140,-256
683634,37.35,-12832,-6108,-312
683651,36.41,-12928,-6060,-224
683668,36.19,-13072,-5968,-256
683685,36.65,-13524,-5948,-124
683702,36.41,-13816,-5924,-220
683719,36.43,-13992,-5704,-208
683736,35.67,-14556,-5592,-24
683753,34.35,-14892,-5524,-124
683770,34.33,-15152,-5168,-232
683787,34.35,-15668,-5068,-212
683804,33.03,-16232,-4692,-204
683821,33.03,-16652,-4388,-240
683838,32.50,-16952,-4016,-356
683855,31.69,-17364,-3636,-392
683872,31.71,-18000,-3248,-520
683889,30.92,-18040,-2932,-460
683906,30.65,-18248,-2236,-636
683923,31.18,-18800,-1664,-572
683940,30.15,-18956,-1176,-680
683957,30.41,-19036,-624,-616
683974,29.88,-19188,-20,-620
683991,30.66,-19292,584,-632
684008,30.66,-19364,1012,-680
684025,29.88,-18984,1816,-760
684042,30.39,-19064,2348,-680
684059,30.66,-18904,2764,-876
684076,30.41,-18420,3320,-828
684093,31.18,-18000,3836,-880
684110,31.45,-17800,4196,-768
684127,31.45,-15364,4124,-324
684144,32.24,-17348,4976,-544
684161,32.77,-17068,5512,-668
684178,32.77,-15444,5572,-728
684195,34.08,-15936,5928,-776
684212,34.08,-14728,6024,-944
684229,34.09,-14744,6400,-812
684246,35.40,-14300,6448,-752
684263,35.40,-13480,6480,-780
684280,36.19,-13836,6856,-852
684297,37.35,-12960,6668,-592
684314,36.43,-12612,6764,-792
684331,36.65,-12840,6924,-772
684348,36.89,-12260,6844,-664
684365,36.19,-12264,6940,-868
684382,37.11,-12168,6864,-724
684399,37.11,-12060,6828,-900
684416,37.10,-12300,6984,-708
684433,36.65,-12144,6784,-716
684450,37.34,-12276,6888,-596
684467,37.58,-12628,6904,-648
684484,37.34,-12796,6836,-908
684501,36.17,-12784,6876,-596
684518,35.93,-13252,6832,-716
684535,35.14,-13628,6628,-668
684552,35.14,-14128,6636,-524
684569,34.35,-14308,6532,-592
684586,34.35,-14940,6396,-672
684603,34.35,-15236,6196,-608
684620,33.03,-15696,5820,-668
684637,33.03,-16100,5708,-740
684654,32.50,-16640,5460,-752
684671,31.71,-17152,4952,-692
684688,31.73,-17364,4580,-696
684705,30.92,-17820,4200,-696
684722,30.65,-18328,3596,-728
684739,31.20,-18552,3096,-652
684756,30.13,-18696,2616,-612
684773,30.41,-19072,2040,-680
684790,29.88,-19224,1416,-728
684807,30.66,-19248,732,-676
684824,30.66,-19184,212,-628
684841,29.88,-19352,-424,-612
684858,30.41,-19228,-1100,-556
684875,30.13,-18760,-1788,-572
684892,30.39,-18760,-2416,-540
684909,30.68,-18652,-2824,-588
684926,31.47,-17940,-3264,-336
684943,32.24,-17652,-3736,-400
684960,32.24,-17320,-4112,-492
684977,33.03,-16660,-4420,-544
684994,33.03,-16196,-4704,-272
685011,33.03,-15372,-4908,-424
685028,34.33,-16048,-5388,-484
685045,34.35,-15240,-5580,-368
685062,34.35,-13740,-5236,-212
685079,35.14,-14624,-5884,-476
685096,35.93,-13988,-5848,-364
685113,35.40,-12980,-5636,-264
685130,35.67,-13540,-6068,-244
685147,35.95,-13096,-5968,-144
685164,36.89,-12728,-6008,-368
685181,36.20,-12888,-5960,-260
685198,36.67,-12608,-5924,-252
685215,37.11,-12736,-5948,-408
685232,36.67,-12888,-6076,-164
685249,36.20,-12688,-5780,-212
685266,36.43,-13060,-6024,-240
685283,36.20,-13344,-5968,-308
685300,36.43,-13196,-5744,-176
685317,35.65,-13660,-5776,-232
685334,35.41,-14176,-5640,-284
685351,34.61,-14400,-5600,-304
685368,34.61,-14772,-5348,-292
685385,33.82,-15236,-5196,-276
685402,33.82,-15716,-5052,-196
685419,33.82,-16040,-4792,-380
685436,32.52,-16328,-4420,-292
685453,32.50,-16896,-4048,-404
685470,31.71,-17300,-3668,-480
685487,31.71,-17388,-3320,-420
685504,30.92,-18012,-2772,-448
685521,30.65,-18324,-2308,-620
685538,30.41,-18480,-1716,-620
685555,30.15,-18808,-1384,-496
685572,30.39,-18980,-740,-592
685589,29.88,-18960,-160,-636
685606,30.65,-18960,592,-604
685623,30.66,-19124,976,-672
685640,29.88,-18968,1532,-880
685657,30.41,-18904,2152,-872
685674,30.13,-18628,2656,-864
685691,31.20,-18468,3048,-708
685708,31.45,-18168,3612,-816
685725,31.73,-17636,4048,-852
685742,31.20,-17212,4492,-852
685759,31.98,-18812,5396,-1476
685776,32.50,-17892,5628,-1448
685793,32.50,-14784,4940,-712
685810,33.31,-15944,5776,-900
685827,33.31,-15632,5968,-968
685844,34.61,-14824,5968,-1012
685861,34.59,-14564,6452,-768
685878,35.41,-13712,6308,-800
685895,35.40,-13856,6500,-836
685912,35.67,-13380,6596,-908
685929,36.43,-12844,6592,-728
685946,36.65,-12896,6532,-840
685963,36.41,-12728,6716,-972
685980,36.19,-12380,6648,-792
685997,37.11,-12460,6752,-716
686014,37.59,-12388,6692,-648
686031,37.59,-12464,6840,-944
686048,37.11,-12240,6700,-488
686065,36.19,-12560,6568,-648
686082,36.43,-12696,6620,-648
686099,36.19,-12676,6704,-648
686116,35.93,-13084,6624,-716
686133,35.67,-13412,6652,-472
686150,36.19,-13616,6492,-736
686167,35.40,-14120,6496,-660
686184,34.61,-14404,6408,-664
686201,34.61,-14816,6092,-712
686218,33.82,-15136,6024,-696
686235,33.29,-15700,5828,-724
686252,32.50,-16076,5524,-700
686269,32.50,-16432,5228,-736
686286,32.48,-16988,4924,-628
686303,31.71,-17532,4492,-608
686320,30.92,-17632,4100,-656
686337,30.66,-17952,3728,-568
686354,31.20,-18388,3264,-700
686371,30.13,-18760,2528,-612
686388,30.39,-18704,2040,-776
686405,29.93,-18912,1540,-612
686422,30.66,-19068,916,-644
686439,30.66,-18992,256,-636
686456,29.88,-18940,-304,-540
686473,30.41,-18940,-872,-644
686490,30.13,-18924,-1420,-448
686507,31.20,-18524,-2024,-500
686524,31.44,-18364,-2484,-552
686541,31.73,-18052,-2972,-300
686558,31.20,-17572,-3424,-416
686575,31.98,-17288,-3836,-472
686592,31.98,-16828,-4124,-440
686609,32.76,-16364,-4512,-396
686626,32.77,-15956,-4760,-360
686643,33.56,-14712,-4972,-468
686660,33.55,-15860,-5528,-432
686677,34.35,-15264,-5548,-376
686694,34.35,-13700,-5316,-444
686711,35.14,-14448,-5744,-180
686728,35.40,-13860,-5704,-316
686745,35.65,-13176,-5652,-316
686762,35.91,-13492,-5884,-296
686779,35.65,-13064,-5732,-212
686796,36.19,-12992,-5904,-284
686813,35.93,-13100,-5916,-204
686830,35.93,-12664,-5836,-224
686847,35.91,-13124,-5908,-92
686864,36.19,-13040,-5976,-168
686881,35.67,-13012,-5688,-188
686898,35.93,-13476,-5704,-184
686915,35.65,-13640,-5728,-184
686932,35.41,-13660,-5520,-144
686949,35.14,-14172,-5572,-200
686966,34.35,-14608,-5476,-340
686983,34.88,-14724,-5316,-396
687000,34.09,-15164,-5152,-208
687017,34.08,-15588,-4816,-324
687034,33.31,-16080,-4632,-436
687051,33.29,-16380,-4312,-468
687068,32.50,-16596,-3904,-464
687085,32.50,-17168,-3620,-584
687102,31.71,-17548,-3316,-624
687119,30.92,-17800,-2892,-468
687136,31.45,-17996,-2328,-608
687153,31.20,-18392,-1844,-552
687170,30.15,-18580,-1180,-816
687187,30.41,-18580,-740,-660
687204,29.88,-18836,-216,-668
687221,30.66,-18868,296,-792
687238,30.66,-18928,944,-784
687255,29.89,-18684,1476,-744
687272,30.39,-18876,1964,-552
687289,30.94,-18644,2524,-824
687306,30.68,-18068,3084,-820
687323,30.94,-17988,3460,-860
687340,31.18,-17672,3940,-816
687357,31.98,-17284,4228,-924
687374,31.45,-16304,4508,92
687391,32.26,-16984,4880,-416
687408,32.24,-15420,5040,-528
687425,33.05,-15624,5652,-716
687442,33.05,-15820,5976,-932
687459,33.84,-14620,5860,-828
687476,33.82,-14772,6244,-744
687493,34.63,-13728,6132,-708
687510,34.63,-13816,6200,-756
687527,36.19,-14080,6572,-888
687544,35.67,-12688,6304,-688
687561,35.93,-13032,6480,-800
687578,35.67,-13080,6716,-832
687595,36.19,-12532,6460,-764
687612,35.93,-12460,6632,-732
687629,36.43,-12376,6444,-628
687646,36.43,-12652,6664,-772
687663,35.93,-12520,6640,-656
687680,36.65,-12416,6588,-684
687697,36.19,-12980,6680,-680
687714,35.91,-12960,6592,-644
687731,35.67,-13048,6520,-596
687748,35.40,-13576,6588,-684
687765,35.14,-13772,6392,-712
687782,34.35,-14152,6380,-748
687799,34.35,-14300,6248,-856
687816,33.58,-14832,5976,-576
687833,33.58,-15376,5812,-580
687850,32.77,-15576,5668,-680
687867,32.77,-15956,5480,-692
687884,31.98,-16548,5180,-720
687901,31.97,-16720,4804,-720
687918,31.20,-17100,4448,-744
687935,30.94,-17632,4164,-548
687952,31.47,-17964,3660,-828
687969,31.20,-18244,3120,-696
687986,30.13,-18344,2616,-680
688003,30.39,-18704,2012,-620
688020,29.88,-18684,1460,-636
688037,30.68,-18816,932,-724
688054,30.66,-18868,376,-700
688071,30.68,-18892,-212,-596
688088,30.39,-18628,-740,-572
688105,30.94,-18536,-1272,-592
688122,30.68,-18488,-1872,-672
688139,30.92,-18184,-2276,-460
688156,31.21,-17824,-2860,-440
688173,31.45,-17576,-3196,-424
688190,32.24,-17272,-3712,-324
688207,32.26,-16704,-3996,-232
688224,33.03,-16312,-4312,-256
688241,32.50,-16012,-4524,-576
688258,33.82,-15628,-4812,-244
688275,33.29,-14624,-4828,-112
688292,34.09,-15340,-5484,-344
688309,34.87,-14256,-5224,-308
688326,34.35,-13928,-5396,-204
688343,34.61,-14316,-5788,-348
688360,34.88,-13348,-5296,-120
688377,35.14,-13428,-5712,-252
688394,36.20,-13360,-5776,-188
688411,35.93,-12792,-5592,-236
688428,35.93,-13288,-5724,-208
688445,36.41,-13220,-5764,-268
688462,35.93,-12736,-5568,-192
688479,35.93,-13272,-5764,-304
688496,36.20,-13460,-5632,-208
688513,35.67,-13300,-5572,-228
688530,35.40,-13584,-5608,-136
688547,35.14,-13784,-5400,-136
688564,34.88,-14240,-5432,-196
688581,34.61,-14444,-5276,-252
688598,33.82,-14608,-5072,-324
688615,33.82,-15368,-4916,-252
688632,33.03,-15520,-4728,-244
688649,33.03,-15840,-4468,-496
688666,32.24,-16412,-4188,-424
688683,32.77,-16628,-3852,-324
688700,31.97,-16936,-3412,-468
688717,31.20,-17388,-3060,-480
688734,31.73,-17820,-2888,-452
688751,31.44,-17840,-2404,-592
688768,31.20,-18004,-1688,-688
688785,30.15,-18372,-1432,-856
688802,30.39,-18640,-888,-556
688819,29.88,-18460,-280,-748
688836,30.65,-18620,376,-636
688853,30.66,-18736,744,-680
688870,29.91,-18688,1240,-632
688887,29.88,-18436,1920,-708
688904,30.92,-18488,2288,-688
688921,30.66,-18092,2772,-752
688938,30.39,-17816,3404,-752
688955,30.66,-17500,3756,-904
688972,31.45,-17332,4144,-708
688989,31.71,-15008,4000,-272
689006,31.73,-17280,4896,-596
689023,32.52,-16592,5216,-820
689040,33.29,-15356,5248,-656
689057,33.29,-15688,5676,-824
689074,34.09,-14496,5536,-764
689091,34.08,-15020,6008,-744
689108,34.35,-14240,6012,-724
689125,34.35,-13736,5988,-856
689142,34.61,-14156,6648,-836
689159,34.87,-13056,6200,-716
689176,35.14,-13096,6324,-516
689193,36.19,-13152,6616,-728
689210,35.93,-12592,6340,-728
689227,36.41,-12700,6580,-660
689244,35.65,-12384,6492,-608
689261,35.67,-12648,6508,-780
689278,36.43,-12868,6380,-656
689295,35.93,-12580,6388,-796
689312,35.41,-12936,6544,-800
689329,35.65,-13076,6532,-700
689346,35.40,-13188,6424,-656
689363,35.12,-13524,6424,-620
689380,34.88,-13748,6256,-640
689397,34.08,-14244,6180,-692
689414,34.63,-14504,6024,-744
689431,33.82,-14632,5928,-564
689448,33.03,-15192,5752,-708
689465,33.03,-15508,5536,-740
689482,32.24,-15852,5248,-608
689499,32.24,-16392,5028,-588
689516,31.98,-16760,4568,-692
689533,31.20,-17196,4308,-628
689550,31.71,-17384,3940,-784
689567,31.45,-17580,3536,-732
689584,31.20,-18112,2984,-724
689601,30.13,-18324,2588,-836
689618,30.41,-18316,2112,-692
689635,29.88,-18600,1460,-672
689652,30.68,-18800,1000,-664
689669,30.66,-18660,352,-600
689686,29.88,-18592,-88,-620
689703,29.86,-18636,-676,-592
689720,30.41,-18500,-1288,-636
689737,30.66,-18216,-1816,-444
689754,30.41,-18028,-2156,-428
689771,30.66,-17852,-2780,-488
689788,30.94,-17600,-3224,-500
689805,31.71,-17092,-3608,-464
689822,32.50,-16788,-3808,-384
689839,31.98,-16452,-4032,-208
689856,32.77,-15800,-4404,-308
689873,33.56,-15684,-4608,-352
689890,33.56,-14992,-4868,-480
689907,33.82,-15352,-4960,-320
689924,34.61,-15032,-5264,-376
689941,34.08,-13652,-5124,-224
689958,34.35,-14392,-5448,-292
689975,34.61,-13880,-5476,-140
689992,35.65,-13100,-5376,-264
690009,35.40,-13768,-5760,-320
690026,35.14,-13308,-5556,-124
690043,35.65,-13096,-5480,-96
690060,35.67,-13552,-5788,-404
690077,35.67,-13076,-5464,-112
690094,35.14,-13192,-5616,-292
690111,35.41,-13432,-5504,-104
690128,34.87,-13536,-5364,-276
690145,35.14,-13832,-5436,-204
690162,34.88,-13776,-5332,-188
690179,34.61,-14216,-5160,-264
690196,34.35,-14604,-5192,-212
690213,33.58,-14768,-4964,-228
690230,34.08,-15076,-4796,-284
690247,33.31,-15592,-4596,-364
690264,32.52,-15912,-4348,-216
690281,33.03,-16276,-4068,-248
690298,32.24,-16532,-3760,-484
690315,31.45,-17040,-3424,-444
690332,31.98,-17324,-3184,-488
690349,31.71,-17576,-2752,-328
690366,30.94,-17804,-2160,-508
690383,31.18,-18032,-1804,-700
690400,30.15,-18272,-1292,-648
690417,30.41,-18228,-732,-616
690434,29.88,-18492,-260,-540
690451,30.66,-18636,172,-744
690468,30.66,-18384,644,-820
690485,30.68,-18616,1196,-760
690502,29.88,-18452,1612,-732
690519,30.41,-18164,2364,-816
690536,30.66,-17972,2772,-828
690553,30.39,-17640,3140,-908
690570,30.66,-17540,3584,-640
690587,30.92,-17160,4012,-824
690604,31.71,-15056,3724,-796
690621,31.98,-17680,4832,-1472
690638,32.77,-17148,5360,-1420
690655,32.76,-14692,5084,-764
690672,33.55,-15800,5516,-320
690689,33.01,-14868,5408,-700
690706,33.82,-14816,5828,-884
690723,34.61,-14428,6060,-764
690740,34.08,-13692,6020,-624
690757,34.35,-14256,6356,-812
690774,34.63,-13260,6212,-648
690791,35.65,-13088,6132,-704
690808,35.40,-13504,6424,-684
690825,35.12,-12712,6304,-792
690842,35.67,-12824,6420,-784
690859,36.19,-12884,6408,-724
690876,36.19,-12784,6188,-872
690893,35.67,-12984,6424,-848
690910,35.67,-12620,6356,-584
690927,35.93,-13228,6344,-732
690944,36.19,-13464,6340,-804
690961,35.14,-13080,6176,-764
690978,34.88,-13800,6388,-580
690995,34.61,-14060,6088,-724
691012,34.33,-14116,5972,-536
691029,33.55,-14364,6008,-724
691046,34.08,-14872,5676,-808
691063,33.29,-15400,5528,-620
691080,32.52,-15412,5444,-548
691097,32.50,-16008,5144,-716
691114,32.24,-16412,4912,-820
691131,31.45,-16580,4648,-724
691148,31.98,-16964,4156,-676
691165,31.18,-17380,3784,-852
691182,30.92,-17588,3460,-888
691199,31.18,-17804,2900,-752
691216,30.13,-18220,2396,-768
691233,30.39,-18332,1960,-620
691250,29.86,-18292,1468,-724
691267,30.66,-18424,916,-680
691284,30.66,-18632,480,-536
691301,29.88,-18568,-120,-620
691318,29.88,-18340,-688,-520
691335,30.41,-18200,-1088,-500
691352,30.15,-18184,-1764,-576
691369,30.39,-17896,-2216,-644
691386,30.66,-17628,-2508,-500
691403,30.94,-17412,-3008,-444
691420,31.20,-17096,-3444,-440
691437,31.98,-16584,-3808,-272
691454,32.26,-16428,-3968,-372
691471,32.24,-16004,-4232,-324
691488,33.03,-15592,-4580,-304
691505,33.29,-15072,-4724,-452
691522,34.09,-14724,-4672,120
691539,33.56,-15228,-5264,-204
691556,33.84,-13892,-5004,-272
691573,34.08,-13872,-5180,-300
691590,34.35,-14388,-5484,-296
691607,35.40,-13316,-5228,-244
691624,35.14,-13572,-5356,-404
691641,35.65,-13604,-5492,-136
691658,34.87,-13244,-5372,-244
691675,34.88,-13500,-5540,-212
691692,34.87,-13316,-5428,-112
691709,34.88,-13252,-5484,-64
691726,35.14,-13648,-5456,-180
691743,34.61,-13512,-5212,-208
691760,34.88,-14000,-5352,-224
691777,34.61,-14188,-5124,-240
691794,34.35,-14064,-5008,-108
691811,34.08,-14676,-4940,-276
691828,33.82,-14992,-4772,-164
691845,33.03,-15296,-4556,-152
691862,33.58,-15416,-4368,-380
691879,32.77,-15900,-4112,-220
691896,31.98,-16332,-3884,-520
691913,31.71,-16424,-3488,-472
691930,31.73,-16924,-3456,-448
691947,31.45,-17136,-2940,-432
691964,31.18,-17348,-2444,-500
691981,30.92,-17476,-2148,-428
691998,30.66,-17784,-1644,-636
692015,30.94,-18216,-1160,-772
692032,30.41,-18164,-712,-716
692049,29.88,-18268,-224,-724
692066,30.66,-18344,320,-792
692083,30.66,-18432,624,-668
692100,30.66,-18364,1228,-740
692117,29.86,-18080,1780,-776
692134,30.41,-18196,2148,-776
692151,30.13,-17920,2516,-684
692168,30.41,-17504,3032,-808
692185,31.45,-17376,3604,-812
692202,31.73,-17252,3788,-764
692219,31.18,-16332,4176,-820
692236,31.45,-17836,5052,-1348
692253,32.22,-17516,5344,-1360
692270,33.03,-14644,4488,-784
692287,32.50,-15620,5356,-800
692304,33.31,-15188,5564,-820
692321,34.08,-14700,5480,-936
692338,33.55,-14536,5940,-624
692355,33.82,-13464,5692,-680
692372,34.08,-14208,6020,-768
692389,34.33,-13676,6088,-836
692406,35.40,-12952,6040,-700
692423,35.14,-13620,6264,-808
692440,34.87,-13148,6160,-756
692457,35.40,-12860,6276,-780
692474,35.41,-12888,6396,-760
692491,35.40,-12968,6260,-840
692508,35.41,-13120,6280,-824
692525,34.88,-12800,6280,-672
692542,35.67,-13128,6148,-772
692559,34.61,-13488,6236,-748
692576,34.88,-13424,6132,-672
692593,34.61,-13764,5984,-652
692610,34.33,-14032,6080,-684
692627,34.08,-14312,5932,-820
692644,33.31,-14608,5732,-712
692661,33.03,-14732,5656,-656
692678,33.05,-15368,5464,-724
692695,32.77,-15608,5208,-788
692712,31.98,-15776,5032,-800
692729,32.52,-16272,4656,-680
692746,31.71,-16676,4340,-828
692763,31.45,-16988,3900,-712
692780,31.18,-17188,3740,-748
692797,30.92,-17664,3288,-504
692814,30.66,-17852,2676,-704
692831,30.94,-17848,2376,-620
692848,30.39,-18100,1976,-740
692865,29.89,-18340,1372,-680
692882,30.66,-18432,808,-676
692899,30.66,-18256,356,-508
692916,29.86,-18320,-116,-620
692933,29.88,-18256,-688,-616
692950,30.41,-17916,-1120,-540
692967,30.13,-17968,-1708,-536
692984,30.41,-17876,-2064,-688
693001,31.45,-17664,-2560,-664
693018,31.73,-17184,-2908,-476
693035,31.98,-16972,-3228,-528
693052,31.47,-16640,-3600,-480
693069,32.24,-16268,-3888,-392
693086,32.52,-15876,-4072,-408
693103,33.31,-15588,-4392,-436
693120,32.77,-15216,-4672,-348
693137,33.03,-14016,-4572,-456
693154,34.61,-15240,-5024,-480
693171,34.08,-14616,-4984,-252
693188,35.14,-13712,-4980,-148
693205,34.08,-14340,-5260,-296
693222,35.14,-13556,-5148,-232
693239,34.88,-13668,-5248,-212
693256,35.41,-13684,-5344,-168
693273,34.63,-13304,-5220,-324
693290,34.63,-13664,-5420,-332
693307,34.61,-13536,-5320,-268
693324,35.41,-13356,-5216,-88
693341,34.87,-13836,-5300,16
693358,35.16,-13816,-5220,-200
693375,34.09,-13988,-5068,-280
693392,34.35,-14228,-5012,-124
693409,34.08,-14496,-4896,-316
693426,33.84,-14872,-4888,-164
693443,33.56,-14916,-4612,-288
693460,32.77,-15240,-4392,-244
693477,32.52,-15764,-4292,-196
693494,33.03,-15864,-4068,-332
693511,32.24,-16128,-3692,-288
693528,31.98,-16524,-3476,-412
693545,31.20,-16864,-3136,-496
693562,30.94,-17248,-2624,-504
693579,30.66,-17508,-2388,-496
693596,30.41,-17732,-2076,-420
693613,30.66,-17680,-1428,-508
693630,30.92,-17872,-1032,-520
693647,29.89,-18112,-588,-660
693664,29.88,-18160,-196,-700
693681,30.66,-18128,428,-508
693698,30.66,-18180,808,-576
693715,30.66,-18252,1248,-728
693732,29.88,-17916,1820,-732
693749,30.39,-17948,2176,-736
693766,30.15,-17800,2648,-764
693783,31.20,-17504,3008,-668
693800,30.94,-17212,3484,-816
693817,31.20,-16956,3724,-760
693834,31.97,-16672,3908,-980
693851,32.24,-16856,4524,-644
693868,31.73,-16808,4780,-636
693885,32.50,-14744,4628,-576
693902,32.77,-15676,5216,-752
693919,32.76,-15388,5416,-1116
693936,33.03,-14428,5468,-852
693953,33.82,-14860,5764,-724
693970,34.08,-13660,5552,-684
693987,34.35,-13984,5848,-740
694004,34.08,-14136,6180,-836
694021,35.14,-13160,5776,-688
694038,34.87,-13496,6112,-780
694055,35.41,-13224,6152,-716
694072,35.14,-13020,6244,-700
694089,35.14,-13300,6096,-804
694106,35.14,-12880,5984,-824
694123,35.16,-13232,6268,-804
694140,34.63,-13288,6124,-744
694157,34.88,-13176,5952,-680
694174,34.35,-13612,6252,-772
694191,35.41,-13692,5808,-824
694208,34.35,-13896,6028,-680
694225,34.11,-14040,5888,-708
694242,33.82,-14364,5688,-564
694259,33.56,-14776,5640,-700
694276,32.77,-14892,5472,-760
694293,32.52,-15208,5236,-712
694310,32.52,-15700,5056,-668
694327,32.24,-15928,4756,-620
694344,31.97,-16304,4576,-680
694361,31.20,-16628,4268,-924
694378,30.94,-16944,3964,-784
694395,30.66,-17244,3484,-736
694412,30.41,-17476,3220,-688
694429,30.68,-17748,2856,-800
694446,30.92,-18040,2224,-616
694463,30.41,-18148,1824,-676
694480,29.89,-18080,1336,-780
694497,30.66,-18204,800,-616
694514,30.65,-18264,212,-712
694531,30.68,-18144,-176,-716
694548,29.89,-18052,-664,-564
694565,30.41,-17960,-1140,-672
694582,30.15,-17776,-1672,-704
694599,31.20,-17512,-2040,-448
694616,31.47,-17432,-2380,-500
694633,31.20,-17304,-2956,-464
694650,31.97,-16928,-3208,-480
694667,32.24,-16432,-3424,-516
694684,31.73,-16316,-3840,-280
694701,31.97,-15928,-4120,-272
694718,32.76,-15456,-4256,-404
694735,33.03,-15364,-4408,-364
694752,33.31,-14716,-4524,-392
694769,33.56,-15284,-4868,-236
694786,33.82,-14996,-5136,-472
694803,34.08,-13596,-4852,-208
694820,33.84,-14436,-5196,-272
694837,34.88,-13896,-5092,-336
694854,34.61,-13476,-5036,-180
694871,35.14,-14052,-5320,-152
694888,35.14,-13444,-4956,-224
694905,34.35,-13496,-5120,-300
694922,35.14,-13932,-5192,-172
694939,35.12,-13600,-5036,-168
694956,34.63,-13816,-5156,-224
694973,34.90,-13896,-5008,-248
694990,33.84,-14288,-4952,-168
695007,34.09,-14468,-4952,-264
695024,33.82,-14400,-4600,-216
695041,33.58,-14728,-4556,-176
695058,33.29,-15292,-4488,-188
695075,33.05,-15224,-4204,-52
695092,32.26,-15616,-4008,-244
695109,31.97,-16044,-3812,-260
695126,31.73,-16276,-3588,-528
695143,32.26,-16408,-3096,-436
695160,31.98,-16804,-2824,-432
695177,31.21,-17304,-2668,-360
695194,31.45,-17356,-2272,-572
695211,30.41,-17340,-1780,-372
695228,30.13,-17712,-1448,-552
695245,30.41,-17944,-1096,-500
695262,29.88,-17916,-516,-652
695279,30.66,-17920,-32,-516
695296,30.66,-18248,412,-688
695313,30.66,-18204,780,-540
695330,30.66,-17928,1316,-672
695347,29.89,-17784,1736,-708
695364,30.41,-17964,2072,-816
695381,30.15,-17596,2672,-680
695398,31.20,-17348,3004,-716
695415,30.92,-17200,3376,-768
695432,31.18,-16716,3732,-716
695449,31.45,-16456,3996,-828
695466,31.73,-15748,4224,-176
695483,32.52,-16476,4532,-432
695500,31.98,-15264,4524,-624
695517,32.77,-15144,4988,-664
695534,33.03,-15456,5316,-888
695551,33.31,-14476,5164,-1056
695568,34.08,-14768,5684,-648
695585,33.84,-13964,5516,-840
695602,34.09,-14004,5624,-984
695619,34.33,-14264,5928,-896
695636,34.09,-13056,5776,-548
695653,34.63,-13624,5940,-708
695670,34.37,-13676,6084,-836
695687,34.87,-13128,5920,-768
695704,34.88,-13288,5992,-916
695721,34.88,-13260,5916,-800
695738,34.88,-13364,6012,-604
695755,34.35,-13288,6076,-764
695772,34.63,-13316,5852,-568
695789,34.09,-13932,6024,-864
695806,34.35,-13700,5856,-672
695823,34.09,-13776,5644,-604
695840,33.82,-14328,5788,-656
695857,33.56,-14444,5492,-880
695874,33.31,-14660,5516,-724
695891,33.03,-15012,5232,-688
695908,32.26,-15428,5140,-800
695925,32.00,-15748,4800,-740
695942,32.50,-15860,4692,-820
695959,32.24,-16288,4464,-728
695976,31.47,-16712,4052,-668
695993,31.18,-16756,3600,-620
696010,31.45,-17196,3372,-792
696027,30.41,-17436,2940,-864
696044,30.13,-17504,2532,-736
696061,30.94,-17796,2096,-816
696078,29.89,-18004,1588,-740
696095,29.89,-18048,1196,-816
696112,30.68,-17992,784,-648
696129,30.66,-18160,220,-576
696146,29.88,-18240,-252,-600
696163,29.88,-17884,-768,-588
696180,30.41,-17700,-1076,-524
696197,30.13,-17688,-1576,-516
696214,31.20,-17532,-2128,-628
696231,31.45,-17220,-2484,-432
696248,31.20,-17020,-2736,-340
696265,31.45,-16820,-3092,-432
