998406,39.26,-15504,628,-356
998423,39.26,-15620,672,-400
998440,39.26,-15692,436,-324
998457,39.24,-15892,240,-516
998474,39.24,-15896,244,-608
998491,38.79,-15888,40,-772
998508,38.79,-15808,184,-636
998525,38.79,-15760,352,-248
998542,39.24,-15776,356,-416
998559,39.26,-15876,280,-568
998576,39.26,-15820,204,-612
998593,39.26,-15800,240,-528
998610,39.70,-15972,228,-364
998627,39.72,-15992,284,-280
998644,39.72,-15840,244,-480
998661,39.74,-15668,320,-820
998678,40.18,-15760,360,-588
998695,40.20,-15728,392,-516
998712,39.02,-15512,628,-404
998729,39.02,-15548,692,-128
998746,39.03,-15520,848,-56
998763,39.02,-15288,984,-20
998780,39.02,-15748,1508,-388
998797,39.02,-15340,2196,-828
998814,39.03,-13272,2624,-420
998831,39.02,-11440,5296,-60
998848,39.72,-12104,9204,-1852
998865,39.94,-11572,7656,852
998882,39.70,-10128,6856,-400
998899,38.55,-13180,8656,-468
998916,38.54,-10724,7088,-96
998933,38.54,-12160,7532,-284
998950,37.59,-13540,7952,-560
998967,36.67,-12892,7280,-520
998984,36.92,-14200,7640,-404
999001,35.95,-14180,7316,-512
999018,34.90,-15248,7164,-556
999035,35.17,-16092,7084,-592
999052,34.11,-15920,6396,-376
999069,33.07,-17344,6612,-756
999086,33.32,-17816,5948,-764
999103,32.79,-17808,5268,-564
999120,32.26,-18972,4976,-908
999137,30.94,-19588,4472,-1048
999154,30.94,-19476,3776,-748
999171,30.66,-19960,3068,-744
999188,30.94,-20420,2388,-1004
999205,29.93,-20380,1728,-820
999222,30.68,-20600,820,-708
999239,30.68,-20732,-8,-928
999256,29.89,-20556,-664,-840
999273,30.42,-20208,-1348,-832
999290,30.68,-20032,-2120,-764
999307,31.47,-19808,-2824,-888
999324,31.47,-19232,-3272,-692
999341,31.49,-18808,-3948,-724
999358,32.00,-18468,-4464,-968
999375,32.52,-17804,-4848,-816
999392,33.05,-17372,-5488,-448
999409,34.11,-16544,-5604,-668
999426,35.16,-15732,-5788,-800
999443,34.90,-14584,-6084,-592
999460,35.95,-15308,-6456,-1124
999477,36.44,-14772,-6564,-608
999494,37.39,-13192,-6196,-436
999511,36.67,-13436,-6700,-328
999528,37.15,-13080,-6712,-536
999545,38.79,-12328,-6496,-524
999562,37.85,-12256,-6660,-428
999579,38.54,-12056,-6564,-424
999596,38.78,-11684,-6416,-292
999613,39.70,-11776,-6596,-368
999630,38.54,-11644,-6616,-248
999647,38.54,-11684,-6564,-384
999664,39.24,-11860,-6592,-320
999681,39.46,-11732,-6636,-356
999698,38.78,-12292,-6616,-308
999715,38.07,-12588,-6600,-376
999732,38.07,-12700,-6476,-380
999749,38.09,-13216,-6572,-312
999766,37.61,-13720,-6528,-392
999783,36.22,-14104,-6408,-496
999800,35.69,-14648,-6320,-332
999817,35.96,-15156,-6180,-496
999834,34.90,-15760,-6032,-464
999851,34.39,-16296,-5824,-488
999868,33.32,-16764,-5392,-596
999885,33.58,-17524,-5016,-548
999902,33.05,-18164,-4548,-480
999919,32.53,-18580,-4112,-900
999936,31.21,-18980,-3480,-812
999953,31.21,-19552,-2936,-968
999970,30.42,-19848,-2292,-884
999987,30.17,-19932,-1464,-908
1000004,29.89,-20444,-788,-880
1000021,30.70,-20468,-124,-816
1000038,30.15,-20276,796,-960
1000055,30.70,-20316,1404,-928
1000072,29.89,-20344,2100,-1052
1000089,30.15,-19656,2820,-768
1000106,31.21,-19704,3524,-824
1000123,30.68,-19420,4092,-800
1000140,31.47,-18036,4436,-364
1000157,32.00,-18936,5296,-700
1000174,32.53,-17968,5680,-876
1000191,33.07,-16752,5880,-452
1000208,33.58,-17092,6628,-704
1000225,34.64,-15892,6708,-676
1000242,34.37,-15224,6912,-652
1000259,35.41,-15016,7208,-488
1000276,35.96,-14156,7160,-732
1000293,36.91,-13780,7476,-812
1000310,36.20,-13272,7476,-508
1000327,36.68,-12656,7508,-732
1000344,37.15,-12368,7732,-508
1000361,38.78,-11808,7580,-464
1000378,37.83,-11636,7512,-496
1000395,38.55,-11392,7476,-628
1000412,38.79,-11160,7584,-620
1000429,39.70,-11020,7596,-428
1000446,39.72,-11136,7424,-416
1000463,39.72,-11036,7528,-696
1000480,38.79,-11212,7648,-404
1000497,39.02,-11396,7488,-416
1000514,38.78,-11552,7516,-528
1000531,37.63,-11816,7636,-656
1000548,38.07,-12112,7680,-560
1000565,37.61,-12664,7556,-364
1000582,37.15,-12976,7536,-588
1000599,36.22,-13548,7508,-540
1000616,35.69,-14204,7300,-556
1000633,35.95,-14612,7216,-652
1000650,34.90,-15212,7100,-688
1000667,34.37,-16016,6780,-680
1000684,33.32,-16564,6560,-660
1000701,32.79,-17092,6204,-776
1000718,33.07,-17704,5808,-564
1000735,31.73,-18304,5224,-776
1000752,31.21,-18760,4668,-788
1000769,31.21,-19148,4152,-916
1000786,30.44,-19544,3564,-812
1000803,30.15,-20052,2864,-964
1000820,30.42,-20124,2136,-920
1000837,29.91,-20216,1472,-960
1000854,30.70,-20304,588,-912
1000871,30.68,-20392,-128,-932
1000888,29.91,-20252,-724,-992
1000905,30.96,-19992,-1548,-852
1000922,31.21,-19860,-2340,-844
1000939,30.68,-19420,-2760,-816
1000956,31.47,-18948,-3448,-868
1000973,31.47,-18568,-4008,-752
1000990,32.00,-18144,-4440,-704
1001007,33.32,-17872,-5060,-568
1001024,33.05,-16752,-5244,-380
1001041,33.56,-15312,-5440,-588
1001058,34.63,-16408,-5848,-904
1001075,35.16,-15672,-6180,-768
1001092,35.69,-14096,-6064,-484
1001109,36.20,-14716,-6600,-296
1001126,37.15,-13996,-6548,-428
1001143,37.61,-12812,-6256,-504
1001160,37.61,-13140,-6628,-176
1001177,37.13,-12580,-6516,-464
1001194,37.85,-12256,-6436,-292
1001211,38.07,-12236,-6572,-340
1001228,38.30,-11864,-6536,-272
1001245,38.78,-11820,-6508,-248
1001262,39.24,-11840,-6520,-296
1001279,38.76,-11932,-6400,-292
1001296,37.82,-12116,-6524,-228
1001313,38.07,-12088,-6400,-184
1001330,37.83,-12444,-6372,-312
1001347,38.76,-12864,-6412,-224
1001364,37.13,-12952,-6340,-264
1001381,37.13,-13328,-6252,-212
1001398,36.22,-13960,-6316,-96
1001415,36.20,-14420,-6056,-356
1001432,35.69,-14980,-6024,-440
1001449,34.63,-15240,-5768,-448
1001466,34.11,-16000,-5564,-564
1001483,34.39,-16356,-5204,-384
1001500,33.32,-16932,-4904,-340
1001517,32.79,-17540,-4624,-444
1001534,32.79,-18196,-4180,-732
1001551,32.26,-18468,-3728,-800
1001568,30.96,-18928,-3092,-716
1001585,31.47,-19352,-2568,-800
1001602,30.68,-19752,-1924,-752
1001619,30.94,-19684,-1240,-756
1001636,29.89,-19992,-504,-868
1001653,30.68,-20328,56,-1044
1001670,30.66,-20160,848,-1012
1001687,30.70,-19884,1484,-1020
1001704,30.42,-19848,2196,-844
1001721,30.15,-19684,2760,-904
1001738,30.42,-19364,3376,-880
1001755,31.21,-18792,4044,-1024
1001772,32.00,-17452,4308,-768
1001789,31.98,-19684,5248,-1540
1001806,32.52,-19072,5976,-1608
1001823,33.05,-15296,5492,-756
1001840,33.58,-16808,6384,-892
1001857,34.11,-16040,6568,-944
1001874,35.16,-14880,6620,-744
1001891,35.69,-15200,7192,-856
1001908,36.20,-13772,6956,-592
1001925,37.13,-13692,7204,-804
1001942,37.63,-13512,7540,-728
1001959,36.44,-12552,7052,-672
1001976,37.61,-12424,7372,-540
1001993,37.15,-12124,7536,-700
1002010,38.30,-11840,7260,-516
1002027,38.07,-11596,7400,-444
1002044,37.85,-11392,7492,-584
1002061,38.78,-11248,7536,-588
1002078,38.78,-11324,7372,-472
1002095,38.30,-11296,7416,-648
1002112,39.48,-11376,7404,-492
1002129,37.59,-11632,7452,-368
1002146,37.37,-11916,7380,-648
1002163,38.31,-12036,7528,-356
1002180,36.68,-12432,7444,-464
1002197,36.68,-12912,7392,-576
1002214,36.20,-13240,7408,-592
1002231,36.20,-13676,7308,-600
1002248,35.69,-14280,7248,-448
1002265,35.95,-14976,6928,-724
1002282,34.09,-15444,6692,-708
1002299,33.56,-15876,6664,-776
1002316,33.05,-16604,6336,-568
1002333,33.31,-17220,5976,-648
1002350,32.79,-17644,5488,-720
1002367,31.47,-18124,5060,-596
1002384,31.47,-18752,4512,-724
1002401,30.68,-19120,3888,-616
1002418,31.21,-19468,3276,-988
1002435,30.94,-19808,2520,-776
1002452,29.89,-19996,1796,-828
1002469,30.68,-20016,1264,-1080
1002486,30.68,-20080,432,-800
1002503,30.68,-20144,-244,-824
1002520,30.42,-20036,-1048,-704
1002537,30.15,-19740,-1696,-784
1002554,30.42,-19596,-2364,-700
1002571,30.68,-19336,-2992,-772
1002588,31.47,-18644,-3500,-684
1002605,31.98,-18244,-3952,-736
1002622,32.00,-18076,-4624,-796
1002639,32.52,-16928,-4980,-740
1002656,33.05,-16304,-5180,-1392
1002673,33.58,-16772,-5772,-76
1002690,34.11,-16316,-6020,-768
1002707,34.64,-14512,-5816,-1052
1002724,35.16,-14848,-6288,-488
1002741,35.69,-14408,-6328,-308
1002758,36.91,-13280,-6184,-620
1002775,36.91,-13396,-6388,-452
1002792,36.91,-12820,-6396,-492
1002809,37.63,-12752,-6444,-308
1002826,38.31,-12452,-6512,-536
1002843,38.09,-12084,-6408,-452
1002860,37.85,-12116,-6372,-268
1002877,38.31,-12276,-6568,-396
1002894,38.31,-11988,-6372,-248
1002911,37.85,-12204,-6432,-216
1002928,38.54,-12264,-6424,-212
1002945,37.13,-12452,-6420,-356
1002962,38.07,-12752,-6384,-216
1002979,36.91,-12980,-6248,-248
1002996,37.39,-13272,-6220,-364
1003013,36.22,-13932,-6204,-260
1003030,35.69,-14104,-6004,-300
1003047,35.69,-14540,-5884,-256
1003064,35.16,-15228,-5700,-440
1003081,34.63,-15436,-5508,148
1003098,34.09,-15936,-4936,-260
1003115,34.39,-16700,-4912,-568
1003132,33.05,-17088,-4512,-440
1003149,32.53,-17616,-4144,-556
1003166,32.00,-18232,-3660,-532
1003183,31.21,-18448,-3240,-600
1003200,31.21,-18764,-2692,-620
1003217,30.42,-19160,-2204,-668
1003234,30.17,-19492,-1592,-792
1003251,30.41,-19764,-968,-668
1003268,29.89,-19720,-280,-892
1003285,30.17,-19720,428,-700
1003302,30.68,-19952,972,-760
1003319,29.89,-19884,1852,-820
1003336,30.42,-19548,2336,-960
1003353,30.68,-19612,3020,-740
1003370,30.96,-19052,3620,-872
1003387,31.21,-18280,4040,-1008
1003404,31.21,-16900,4400,-780
1003421,32.53,-19380,5248,-1572
1003438,32.52,-18804,5848,-1568
1003455,33.05,-15152,5448,-560
1003472,33.58,-16388,6220,-784
1003489,34.09,-15956,6380,-916
1003506,34.64,-14776,6396,-860
1003523,35.17,-14772,6824,-516
1003540,35.69,-13716,6664,-656
1003557,36.20,-13976,7020,-900
1003574,36.22,-13344,7204,-952
1003591,37.83,-12408,6936,-572
1003608,37.37,-12708,7188,-804
1003625,38.07,-12420,7208,-904
1003642,38.31,-11696,7208,-676
1003659,38.09,-11784,7268,-524
1003676,37.39,-11616,7232,-732
1003693,38.31,-11748,7216,-600
1003710,38.30,-11736,7244,-596
1003727,37.37,-11540,7312,-600
1003744,38.09,-11876,7420,-540
1003761,37.85,-11988,7316,-520
1003778,37.61,-12196,7256,-464
1003795,36.44,-12408,7336,-548
1003812,36.94,-12732,7252,-544
1003829,36.92,-13260,7300,-604
1003846,35.69,-13572,7068,-680
1003863,35.69,-13980,7052,-604
1003880,35.16,-14536,6864,-724
1003897,34.64,-15204,6784,-680
1003914,34.11,-15636,6424,-516
1003931,33.60,-16124,6272,-796
1003948,33.07,-16736,5968,-708
1003965,32.52,-17364,5536,-616
1003982,32.53,-17688,5116,-800
1003999,31.21,-18200,4580,-716
1004016,31.21,-18660,4124,-764
1004033,30.96,-19164,3508,-676
1004050,30.70,-19324,2944,-736
1004067,30.42,-19492,2388,-752
1004084,29.89,-19872,1628,-800
1004101,30.70,-19932,912,-880
1004118,30.68,-19836,192,-760
1004135,29.91,-19844,-468,-852
1004152,30.42,-19952,-1164,-796
1004169,30.17,-19524,-1832,-760
1004186,30.42,-19080,-2416,-556
1004203,31.20,-18876,-2976,-736
1004220,32.00,-18620,-3560,-768
1004237,32.00,-18056,-4156,-392
1004254,32.53,-17412,-4340,-632
1004271,32.53,-16860,-4960,-576
1004288,33.07,-15532,-4960,-1028
1004305,34.39,-16688,-5528,-692
1004322,34.90,-16024,-5796,-720
1004339,35.43,-14176,-5636,-680
1004356,35.43,-14880,-6224,-348
1004373,35.96,-14052,-6112,-372
1004390,35.95,-13392,-6084,-648
1004407,37.15,-13468,-6360,-464
1004424,36.22,-12752,-6196,-356
1004441,36.91,-12748,-6240,-476
1004458,37.13,-12772,-6524,-340
1004475,36.92,-12140,-6276,-248
1004492,37.39,-12216,-6228,-256
1004509,37.85,-12420,-6456,-280
1004526,37.85,-12124,-6280,-288
1004543,36.92,-12364,-6248,-392
1004560,37.15,-12644,-6268,-220
1004577,37.39,-12748,-6208,-244
1004594,36.68,-12956,-6240,-288
1004611,37.61,-13308,-6144,-308
1004628,36.44,-13760,-6132,-380
1004645,36.44,-14152,-6100,-404
1004662,35.17,-14472,-5728,-332
1004679,35.16,-14884,-5664,-320
1004696,34.63,-15488,-5464,-376
1004713,34.11,-15636,-5208,148
1004730,33.58,-16116,-4644,-476
1004747,33.05,-16996,-4596,-676
1004764,33.05,-17412,-4284,-580
1004781,31.73,-17668,-3808,-460
1004798,31.74,-18124,-3240,-552
1004815,30.94,-18552,-2836,-596
1004832,30.96,-18888,-2324,-540
1004849,30.68,-19060,-1688,-452
1004866,30.94,-19284,-1172,-624
1004883,29.89,-19588,-496,-664
1004900,30.68,-19608,64,-612
1004917,30.68,-19720,980,-652
1004934,30.70,-19648,1460,-632
1004951,29.89,-19408,1888,-724
1004968,30.96,-19292,2756,-604
1004985,30.70,-18976,3236,-736
1005002,30.96,-18600,3628,-748
1005019,30.96,-18172,4296,-744
1005036,31.76,-16860,4632,84
1005053,31.74,-17772,5060,-316
1005070,33.07,-17064,5376,-716
1005087,33.60,-15900,5740,-488
1005104,33.58,-16184,6100,-624
1005121,34.11,-15324,6084,-792
1005138,34.64,-14952,6544,-796
1005155,35.17,-14188,6696,-604
1005172,35.17,-13884,6676,-856
1005189,36.44,-13920,6964,-824
1005206,36.44,-12892,6876,-744
1005223,36.44,-12744,6968,-748
1005240,36.70,-12832,7184,-668
1005257,37.39,-12116,6992,-604
1005274,37.15,-11940,7072,-612
1005291,36.92,-11952,7144,-648
1005308,37.39,-12016,7060,-704
1005325,37.85,-11792,7156,-540
1005342,37.39,-11684,7104,-504
1005359,38.55,-12000,7140,-608
1005376,37.15,-12196,7212,-588
1005393,36.92,-12188,6988,-668
1005410,36.22,-12448,7124,-660
1005427,36.68,-12928,6984,-612
1005444,35.96,-13208,6984,-732
1005461,35.95,-13524,7000,-680
1005478,35.96,-13912,6900,-644
1005495,34.64,-14504,6772,-568
1005512,34.64,-14912,6648,-624
1005529,34.11,-15452,6428,-600
1005546,33.58,-16000,6096,-800
1005563,33.58,-16392,5896,-684
1005580,33.05,-16856,5556,-680
1005597,31.74,-17500,5120,-688
1005614,31.74,-17832,4788,-732
1005631,30.94,-18176,4280,-724
1005648,30.97,-18556,3808,-656
1005665,30.68,-19012,3152,-752
1005682,30.96,-19136,2448,-824
1005699,29.91,-19396,2084,-636
1005716,29.89,-19556,1272,-732
1005733,30.68,-19632,536,-804
1005750,30.68,-19564,56,-760
1005767,29.89,-19564,-660,-820
1005784,30.96,-19420,-1312,-864
1005801,30.68,-19044,-1888,-756
1005818,30.97,-18772,-2568,-576
1005835,31.74,-18476,-3132,-608
1005852,31.74,-18208,-3660,-600
1005869,32.53,-17712,-4112,-524
1005886,32.52,-17076,-4440,-508
1005903,33.07,-16600,-4848,-464
1005920,33.05,-16144,-5104,-1520
1005937,33.58,-16264,-5540,-124
1005954,34.90,-15852,-5748,-664
1005971,34.90,-14104,-5656,-944
1005988,35.43,-14688,-6028,-488
1006005,36.22,-14152,-6120,-368
1006022,36.20,-13068,-5740,-652
1006039,36.92,-13568,-6224,-368
1006056,36.46,-12960,-6208,-372
1006073,36.24,-12568,-6116,-460
1006090,37.63,-12860,-6320,-520
1006107,36.92,-12428,-6312,-396
1006124,37.39,-12332,-6124,-392
1006141,37.39,-12456,-6220,-184
1006158,36.92,-12372,-6120,-476
1006175,38.07,-12564,-6256,-336
1006192,36.67,-12820,-6156,-396
1006209,36.44,-13024,-6124,-300
1006226,37.37,-13328,-6076,-168
1006243,36.20,-13628,-5968,-292
1006260,35.43,-13996,-5940,-244
1006277,35.41,-14384,-5776,-288
1006294,35.43,-14752,-5560,-324
1006311,34.11,-15160,-5428,-460
1006328,34.11,-15880,-5304,-480
1006345,33.60,-16304,-4952,-488
1006362,33.58,-16112,-4516,-564
1006379,32.26,-17056,-4360,-888
1006396,32.26,-17568,-3948,-536
1006413,32.28,-17840,-3396,-524
1006430,31.49,-18128,-2872,-552
1006447,30.70,-18644,-2456,-688
1006464,31.21,-18956,-1968,-500
1006481,30.17,-19008,-1348,-560
1006498,30.42,-19076,-668,-636
1006515,30.68,-19280,-124,-580
1006532,30.17,-19352,620,-656
1006549,30.70,-19388,1196,-736
1006566,29.89,-19228,1760,-668
1006583,30.41,-19272,2240,-700
1006600,30.15,-18992,2820,-800
1006617,30.42,-18496,3376,-748
1006634,30.70,-18372,3840,-768
1006651,31.49,-17716,4320,-716
1006668,31.47,-17848,4828,-860
1006685,32.28,-18000,5296,-916
1006702,32.79,-15940,5136,-888
1006719,32.79,-16124,5780,-732
1006736,33.32,-15880,6220,-880
1006753,34.64,-14844,6156,-888
1006770,34.63,-14836,6612,-784
1006787,35.16,-13796,6520,-664
1006804,35.95,-13824,6760,-1020
1006821,35.95,-13984,6912,-876
1006838,36.68,-12684,6716,-616
1006855,36.20,-12676,7020,-732
1006872,36.44,-12848,6988,-848
1006889,36.68,-12120,6800,-604
1006906,36.44,-12160,7072,-712
1006923,37.39,-12116,6940,-688
1006940,37.39,-12120,6936,-800
1006957,37.39,-12152,7072,-648
1006974,36.91,-11892,6976,-616
1006991,37.61,-12268,7016,-704
1007008,36.20,-12512,6956,-660
1007025,37.63,-12476,6928,-640
1007042,36.91,-12812,6920,-632
1007059,36.22,-13156,6868,-664
1007076,36.20,-13672,6832,-872
1007093,35.43,-13824,6756,-564
1007110,35.43,-14236,6576,-812
1007127,34.11,-14972,6448,-760
1007144,34.11,-15256,6268,-648
1007161,33.58,-15592,6096,-596
1007178,33.58,-16312,5868,-764
1007195,32.26,-16756,5540,-752
1007212,32.24,-17084,5152,-584
1007229,32.26,-17408,4692,-788
1007246,31.47,-17960,4312,-768
1007263,30.66,-18324,3724,-832
1007280,30.42,-18532,3228,-740
1007297,30.17,-18860,2668,-740
1007314,30.42,-19316,2100,-748
1007331,29.89,-19312,1528,-628
1007348,30.68,-19152,840,-692
1007365,30.68,-19452,312,-708
1007382,29.88,-19220,-404,-820
1007399,30.42,-19036,-1028,-596
1007416,30.17,-19040,-1660,-680
1007433,30.42,-18828,-2260,-668
1007450,30.70,-18416,-2716,-616
1007467,31.47,-18008,-3132,-752
1007484,32.26,-17864,-3736,-456
1007501,32.26,-17384,-4132,-392
1007518,32.26,-16680,-4496,-380
1007535,33.60,-15880,-5028,140
1007552,33.58,-15816,-5076,-528
1007569,33.58,-15748,-5372,132
1007586,34.90,-15748,-5800,-260
1007603,34.88,-14080,-5396,-652
1007620,34.90,-14316,-5780,-300
1007637,35.69,-14320,-5984,-448
1007654,36.44,-12944,-5772,-316
1007671,36.68,-13396,-6104,-364
1007688,37.39,-13196,-6060,-320
1007705,37.15,-12456,-5868,-400
1007722,36.44,-12896,-6208,-304
1007739,37.39,-12696,-6084,-368
1007756,37.39,-12464,-6028,-376
1007773,37.37,-12732,-6100,-228
1007790,36.44,-12700,-5948,-256
1007807,36.68,-12996,-5996,-324
1007824,36.91,-12996,-6016,-64
1007841,36.68,-13100,-5868,-368
1007858,35.96,-13652,-5912,-376
1007875,35.67,-13912,-5808,-320
1007892,34.90,-14144,-5608,-444
1007909,34.90,-14740,-5488,-260
1007926,34.90,-15128,-5428,-404
1007943,33.58,-15428,-5120,-340
1007960,33.60,-15992,-4948,-328
1007977,33.07,-16432,-4664,-428
1007994,32.26,-16940,-4180,-1004
1008011,32.26,-16836,-4000,-84
1008028,32.26,-17712,-3600,-456
1008045,31.49,-17948,-3056,-476
1008062,30.70,-18296,-2516,-664
1008079,30.42,-18580,-1868,-540
1008096,30.17,-18916,-1512,-732
1008113,30.42,-19040,-876,-492
1008130,29.91,-19044,-344,-584
1008147,30.17,-19136,384,-724
1008164,30.15,-19248,836,-728
1008181,30.68,-19140,1512,-660
1008198,29.91,-18776,2096,-664
1008215,30.96,-18964,2544,-712
1008232,30.70,-18600,3108,-608
1008249,30.96,-18144,3672,-700
1008266,31.76,-17864,4116,-868
1008283,31.23,-16292,4248,-324
1008300,32.02,-17644,5004,-584
1008317,32.00,-17056,5332,-988
1008334,33.32,-15820,5480,-500
1008351,33.32,-16088,5876,-752
1008368,33.87,-15120,5928,-748
1008385,33.87,-14940,6296,-676
1008402,34.64,-14360,6440,-888
1008419,35.96,-13716,6372,-692
1008436,35.96,-13960,6920,-740
1008453,35.43,-13292,6712,-564
1008470,36.22,-12864,6724,-832
1008487,36.46,-12916,6816,-740
1008504,36.20,-12368,6780,-760
1008521,36.44,-12304,6864,-700
1008538,36.92,-12340,6824,-748
1008555,37.85,-12116,6716,-756
1008572,37.85,-12224,6968,-728
1008589,36.94,-12156,6784,-748
1008606,36.44,-12340,6864,-688
1008623,36.68,-12600,6868,-732
1008640,36.91,-12700,6844,-708
1008657,36.20,-12952,6708,-712
1008674,35.95,-13112,6720,-628
1008691,35.16,-13580,6664,-652
1008708,35.69,-13976,6552,-744
1008725,34.90,-14228,6484,-672
1008742,34.90,-14724,6284,-712
1008759,33.58,-15252,6172,-864
1008776,33.60,-15536,5900,-760
1008793,33.05,-15908,5704,-760
1008810,33.07,-16536,5376,-884
1008827,32.28,-16924,5088,-828
1008844,32.26,-17264,4760,-656
1008861,31.49,-17688,4312,-724
1008878,30.68,-18176,3788,-832
1008895,30.44,-18452,3260,-908
1008912,30.17,-18780,2724,-844
1008929,30.42,-18832,2284,-776
1008946,29.91,-19088,1564,-948
1008963,30.68,-19196,984,-768
1008980,30.70,-19112,324,-692
1008997,30.68,-19072,-96,-688
1009014,29.91,-19104,-788,-576
1009031,30.96,-18872,-1356,-712
1009048,30.70,-18512,-1872,-516
1009065,30.96,-18392,-2472,-632
1009082,31.21,-18184,-3020,-552
1009099,31.21,-17760,-3444,-508
1009116,32.00,-17384,-3844,-304
1009133,32.00,-16980,-4136,-604
1009150,32.81,-16424,-4712,-348
1009167,32.81,-16164,-4752,-500
1009184,34.11,-15340,-4844,-472
1009201,34.11,-15580,-5476,260
1009218,34.92,-15456,-5704,-416
1009235,34.90,-13760,-5428,-736
1009252,35.71,-14284,-5716,-396
1009269,35.17,-14000,-5952,-208
1009286,35.43,-13020,-5612,-316
1009303,35.71,-13452,-5940,-292
1009320,36.70,-13212,-5964,-72
1009337,36.46,-12656,-5756,-276
1009354,36.92,-12972,-6080,-148
1009371,36.22,-12776,-5904,-252
1009388,36.22,-12892,-5928,-184
1009405,36.92,-12920,-5896,-316
1009422,35.96,-12844,-5800,-228
1009439,36.22,-13328,-6024,-228
1009456,35.96,-13424,-5796,-240
1009473,35.71,-13432,-5744,-384
1009490,35.45,-14076,-5736,-236
1009507,34.66,-14328,-5504,-392
1009524,35.17,-14520,-5320,-188
1009541,33.85,-14904,-5228,-264
1009558,33.85,-15388,-5124,-324
1009575,33.07,-15832,-4808,-384
1009592,33.08,-16220,-4512,-280
1009609,33.07,-16748,-4196,-392
1009626,32.28,-17200,-3892,-820
1009643,32.28,-17188,-3492,-380
1009660,31.49,-17848,-2924,-436
1009677,30.70,-18172,-2600,-772
1009694,30.42,-18476,-1996,-660
1009711,30.17,-18536,-1664,-712
1009728,30.42,-18724,-960,-768
1009745,29.91,-18968,-444,-780
1009762,30.17,-19028,72,-728
1009779,30.17,-18840,780,-724
1009796,30.70,-18952,1332,-680
1009813,29.91,-19028,1884,-724
1009830,30.44,-18764,2324,-680
1009847,30.70,-18484,2972,-756
1009864,30.44,-18204,3288,-792
1009881,30.68,-17788,3844,-716
1009898,31.49,-16404,4096,-768
1009915,32.28,-18004,4836,-952
1009932,32.26,-17924,5288,-1120
1009949,33.07,-15184,5172,-680
1009966,33.07,-15952,5652,-608
1009983,33.07,-15700,5908,-812
1010000,34.39,-14836,5892,-772
1010017,34.39,-14640,6272,-820
1010034,35.17,-13812,6264,-832
1010051,35.17,-14128,6440,-796
1010068,35.43,-13736,6756,-872
1010085,36.24,-12804,6504,-696
1010102,36.44,-13064,6736,-592
1010119,36.22,-12920,6720,-668
1010136,36.44,-12352,6684,-824
1010153,37.39,-12364,6768,-712
1010170,36.22,-12456,6748,-712
1010187,36.22,-12384,6788,-764
1010204,36.22,-12288,6772,-848
1010221,36.92,-12324,6896,-748
1010238,35.96,-12692,6712,-696
1010255,36.22,-12840,6752,-772
1010272,35.96,-12888,6656,-604
1010289,35.69,-13316,6500,-652
1010306,35.43,-13704,6500,-700
1010323,34.64,-13896,6468,-796
1010340,34.64,-14108,6308,-592
1010357,33.84,-14696,6168,-668
1010374,33.85,-15084,6064,-952
1010391,33.07,-15340,5824,-732
1010408,33.07,-15920,5620,-832
1010425,33.07,-16440,5376,-816
1010442,31.74,-16668,4940,-820
1010459,32.26,-17288,4716,-856
1010476,31.47,-17640,4196,-876
1010493,30.68,-17896,3868,-900
1010510,30.42,-18116,3412,-928
1010527,30.70,-18600,2760,-1052
1010544,30.42,-18752,2188,-824
1010561,29.89,-18720,1636,-752
1010578,30.70,-18856,1072,-848
1010595,30.17,-19080,396,-752
1010612,30.70,-18888,-52,-860
1010629,29.89,-18768,-720,-668
1010646,30.42,-18864,-1264,-664
1010663,30.68,-18644,-1800,-700
1010680,30.44,-18280,-2328,-484
1010697,30.70,-17924,-2844,-552
1010714,31.49,-17796,-3276,-584
1010731,32.28,-17428,-3576,-668
1010748,31.74,-16872,-3904,-356
1010765,32.53,-16448,-4284,-360
1010782,32.53,-16152,-4608,-288
1010799,33.85,-15748,-4732,-600
1010816,33.32,-14084,-5184,-68
1010833,34.11,-15748,-5276,-744
1010850,34.11,-15008,-5364,-268
1010867,34.92,-13244,-5268,-256
1010884,35.17,-14464,-5836,-208
1010901,35.45,-13748,-5628,-200
1010918,35.71,-13080,-5564,-488
1010935,35.96,-13408,-6004,-64
1010952,36.46,-12832,-5748,-360
1010969,36.22,-13024,-5716,-280
1010986,36.22,-13328,-5988,-316
1011003,36.22,-12668,-5664,-112
1011020,36.24,-13092,-5756,-308
1011037,36.46,-13284,-5844,-296
1011054,35.96,-13128,-5676,48
1011071,35.69,-13420,-5752,-168
1011088,35.45,-13760,-5616,44
1011105,35.17,-13896,-5492,-160
1011122,34.92,-14328,-5452,-96
1011139,34.13,-14640,-5204,-232
1011156,34.13,-15040,-5120,-268
1011173,33.32,-15288,-4928,-52
1011190,33.32,-15904,-4668,-156
1011207,32.53,-16264,-4472,-368
1011224,32.53,-16508,-4052,-420
1011241,31.74,-16864,-3548,-700
1011258,31.74,-17428,-3328,-764
1011275,31.49,-17628,-3032,-420
1011292,30.70,-17872,-2456,-516
1011309,30.42,-18104,-2072,-696
1011326,30.17,-18504,-1548,-620
1011343,30.42,-18628,-1036,-744
1011360,29.93,-18664,-472,-764
1011377,30.70,-18812,88,-728
1011394,30.17,-18924,588,-728
1011411,30.70,-18700,1140,-772
1011428,29.89,-18644,1736,-724
1011445,30.42,-18560,2280,-748
1011462,30.15,-18432,2628,-844
1011479,31.21,-18064,3216,-744
1011496,31.47,-17604,3700,-776
1011513,30.96,-17460,3984,-852
1011530,31.21,-17332,4436,-656
1011547,32.00,-17208,4780,-672
1011564,32.02,-15832,4964,-904
1011581,32.79,-15952,5356,-668
1011598,32.81,-15932,5684,-980
1011615,34.13,-14812,5832,-936
1011632,33.60,-14936,6112,-680
1011649,34.88,-14232,6020,-736
1011666,34.39,-13780,6228,-816
1011683,35.17,-13960,6596,-1008
1011700,35.45,-13008,6384,-692
1011717,35.69,-12972,6416,-760
1011734,36.70,-13260,6772,-760
1011751,36.46,-12568,6528,-780
1011768,36.22,-12580,6656,-872
1011785,36.67,-12452,6548,-912
1011802,36.68,-12596,6664,-716
1011819,36.68,-12760,6648,-732
1011836,36.22,-12436,6592,-764
1011853,36.46,-12760,6624,-712
1011870,35.98,-12896,6496,-760
1011887,35.71,-13092,6572,-784
1011904,35.43,-13308,6580,-684
1011921,35.16,-13652,6492,-852
1011938,34.90,-13908,6328,-836
1011955,34.11,-14232,6152,-588
1011972,34.11,-14528,6104,-828
1011989,33.34,-15036,5936,-816
1012006,33.34,-15604,5708,-828
1012023,32.55,-15720,5524,-888
1012040,32.53,-16204,5272,-764
1012057,31.76,-16760,4816,-916
1012074,31.76,-17000,4488,-804
1012091,31.49,-17340,4108,-792
1012108,30.68,-17712,3828,-772
1012125,30.42,-18104,3128,-872
1012142,30.70,-18284,2736,-696
1012159,30.42,-18404,2380,-916
1012176,29.91,-18772,1660,-752
1012193,30.70,-18772,1196,-836
1012210,30.17,-18756,664,-704
1012227,30.70,-18780,8,-768
1012244,29.89,-18872,-616,-720
1012261,30.42,-18716,-1036,-664
1012278,30.17,-18296,-1544,-680
1012295,31.23,-18240,-2208,-540
1012312,31.49,-17796,-2616,-516
1012329,30.96,-17504,-3044,-592
1012346,31.21,-17216,-3476,-404
1012363,32.02,-16848,-3832,-508
1012380,32.02,-16472,-4120,-476
1012397,32.79,-15992,-4416,-332
1012414,33.60,-15724,-4704,-396
1012431,33.07,-15224,-4768,-1104
1012448,33.85,-15404,-5052,236
1012465,34.64,-15208,-5460,-340
1012482,34.13,-13872,-5180,-568
1012499,34.90,-14140,-5384,-172
1012516,35.16,-13964,-5616,-276
1012533,35.45,-13296,-5420,-16
1012550,35.17,-13584,-5656,-156
1012567,35.71,-13332,-5588,-168
1012584,35.45,-12996,-5520,-164
1012601,35.43,-13424,-5640,-112
1012618,35.45,-13024,-5624,-244
1012635,35.43,-13064,-5744,-132
1012652,35.71,-13408,-5712,24
1012669,35.16,-13364,-5528,60
1012686,35.43,-13608,-5576,-56
1012703,35.17,-13768,-5456,-176
1012720,34.90,-13996,-5248,-220
1012737,34.64,-14416,-5356,-68
1012754,33.85,-14660,-5148,-88
1012771,34.37,-14832,-4820,-28
1012788,33.60,-15420,-4732,-160
1012805,32.79,-15812,-4488,-332
1012822,32.81,-15344,-4056,72
1012839,32.00,-16372,-3976,120
1012856,32.53,-16864,-3664,-280
1012873,31.74,-17152,-3252,-396
1012890,31.47,-17392,-2928,-428
1012907,30.68,-17772,-2372,-364
1012924,30.42,-18016,-1984,-500
1012941,30.15,-18248,-1452,-504
1012958,30.44,-18532,-988,-624
1012975,29.91,-18468,-472,-472
1012992,30.68,-18528,44,-632
1013009,30.17,-18604,556,-712
1013026,30.68,-18700,1048,-736
1013043,29.89,-18764,1604,-748
1013060,30.42,-18232,2152,-732
1013077,30.96,-18240,2580,-712
1013094,30.70,-18108,2992,-740
1013111,30.96,-17512,3420,-816
1013128,31.21,-17096,3876,-760
1013145,32.00,-15640,3900,-540
1013162,31.49,-17480,4640,-980
1013179,32.26,-17364,5236,-1104
1013196,32.26,-14900,5032,-508
1013213,33.05,-15804,5376,-824
1013230,33.07,-15480,5616,-744
1013247,33.85,-14464,5764,-812
1013264,34.64,-14548,6064,-872
1013281,34.13,-14024,6092,-796
1013298,34.39,-13884,6256,-884
1013315,35.96,-13648,6396,-844
1013332,34.92,-13028,6180,-752
1013349,35.17,-13244,6472,-916
1013366,35.69,-12944,6432,-760
1013383,35.43,-12600,6468,-804
1013400,35.96,-12792,6504,-800
1013417,35.95,-12680,6620,-736
1013434,35.96,-12616,6476,-796
1013451,35.95,-12824,6560,-704
1013468,36.22,-12836,6424,-764
1013485,35.69,-13064,6496,-752
1013502,35.45,-13160,6484,-772
1013519,35.17,-13448,6348,-644
1013536,34.92,-13740,6236,-764
1013553,34.64,-13996,6280,-900
1013570,33.84,-14360,6056,-704
1013587,34.37,-14716,5992,-820
1013604,33.58,-14992,5752,-916
1013621,32.79,-15392,5648,-808
1013638,32.77,-15776,5400,-976
1013655,32.00,-16044,5048,-864
1013672,32.52,-16496,4908,-772
1013689,31.73,-17064,4368,-856
1013706,31.47,-17288,4080,-804
1013723,30.68,-17580,3672,-880
1013740,30.44,-17788,3232,-760
1013757,30.68,-18208,2736,-672
1013774,30.94,-18292,2220,-880
1013791,29.89,-18308,1748,-856
1013808,29.89,-18584,1080,-684
1013825,30.68,-18696,564,-956
1013842,30.70,-18564,4,-848
1013859,29.91,-18404,-452,-616
1013876,30.42,-18524,-1036,-624
1013893,30.17,-18448,-1540,-740
1013910,31.21,-17984,-2044,-780
1013927,30.94,-17872,-2456,-524
1013944,31.21,-17588,-2960,-608
1013961,32.00,-17264,-3368,-472
1013978,31.49,-16804,-3672,-404
1013995,32.28,-16472,-3928,-584
1014012,32.55,-16192,-4308,-392
1014029,32.53,-15712,-4624,-324
1014046,33.32,-15256,-4628,-252
1014063,34.11,-14780,-4608,-732
1014080,33.60,-15664,-5576,-648
1014097,33.84,-14296,-5080,-108
1014114,34.63,-13384,-5060,-280
1014131,34.88,-14556,-5668,-412
1014148,34.64,-13456,-5360,-140
1014165,35.69,-13280,-5320,-148
1014182,35.43,-13816,-5624,-200
1014199,35.95,-13144,-5424,-204
1014216,35.16,-13220,-5488,-48
1014233,35.16,-13324,-5592,-140
1014250,35.95,-13268,-5548,-88
1014267,35.41,-13564,-5452,-84
1014284,34.90,-13232,-5400,-140
1014301,35.16,-13800,-5320,84
1014318,34.88,-13980,-5332,16
1014335,34.63,-13932,-5176,-96
1014352,34.37,-14460,-5036,-192
1014369,34.11,-14800,-4912,-140
1014386,33.31,-15040,-4736,-192
1014403,33.84,-15336,-4580,-256
1014420,33.07,-15476,-4476,196
1014437,32.26,-16076,-3948,-600
1014454,32.79,-16576,-3848,-300
1014471,31.98,-16564,-3440,-140
1014488,31.20,-17172,-3120,-348
1014505,30.96,-17456,-2660,-436
1014522,30.66,-17520,-2328,-468
1014539,30.41,-17872,-1892,-312
1014556,30.17,-18252,-1560,-504
1014573,30.42,-18232,-952,-588
1014590,29.91,-18260,-516,-496
1014607,30.68,-18348,96,-584
1014624,30.17,-18628,384,-768
1014641,30.70,-18456,996,-732
1014658,29.89,-18448,1576,-688
1014675,30.42,-18220,1992,-536
1014692,30.94,-18244,2440,-632
1014709,30.68,-17852,2872,-900
1014726,30.96,-17524,3332,-796
1014743,31.20,-17236,3752,-824
1014760,31.47,-16548,4036,-688
1014777,32.26,-18000,4676,-1048
1014794,31.74,-17676,5232,-1212
1014811,32.53,-14740,4588,-772
1014828,33.31,-15476,5320,-788
1014845,32.79,-15628,5628,-980
1014862,33.60,-14712,5504,-876
1014879,33.58,-14672,5960,-732
1014896,33.85,-13704,5852,-716
1014913,34.64,-14040,5920,-932
1014930,34.90,-14072,6168,-920
1014947,34.64,-12868,6016,-828
1014964,35.69,-13252,6268,-792
1014981,35.41,-13420,6360,-896
1014998,35.96,-12728,6268,-880
1015015,35.69,-12808,6492,-768
1015032,35.69,-12888,6240,-888
1015049,35.69,-12916,6304,-788
1015066,35.17,-12836,6408,-804
1015083,35.95,-12840,6388,-860
1015100,34.90,-13380,6436,-780
1015117,35.17,-13416,6228,-872
1015134,34.92,-13380,6248,-804
1015151,34.64,-13872,6132,-820
1015168,34.39,-14260,6112,-752
1015185,34.11,-14280,5940,-976
1015202,33.32,-14588,5912,-788
1015219,33.84,-14984,5692,-872
1015236,33.05,-15524,5444,-900
1015253,32.29,-15632,5140,-800
1015270,32.28,-16080,5064,-892
1015287,32.02,-16588,4664,-952
1015304,31.21,-16796,4360,-828
1015321,30.96,-17004,4048,-772
1015338,30.68,-17492,3580,-824
1015355,30.42,-17748,3024,-948
1015372,30.70,-18016,2644,-724
1015389,30.42,-18180,2212,-836
1015406,29.89,-18384,1616,-860
1015423,29.89,-18368,1116,-820
1015440,30.70,-18420,608,-792
1015457,30.68,-18548,12,-844
1015474,29.89,-18500,-540,-808
1015491,30.42,-18224,-1040,-764
1015508,30.15,-18216,-1456,-724
1015525,30.68,-17904,-1912,-748
1015542,30.96,-17756,-2388,-644
1015559,31.21,-17332,-2764,-616
1015576,31.47,-17216,-3156,-384
1015593,32.28,-16920,-3620,-452
1015610,31.74,-16436,-3824,-492
1015627,32.00,-16056,-4036,-508
1015644,32.79,-15780,-4296,-396
1015661,33.58,-15400,-4584,-356
1015678,33.05,-14136,-4792,-372
1015695,33.32,-16196,-4856,-1004
1015712,34.92,-14956,-5192,84
1015729,34.39,-13216,-4964,-148
1015746,34.13,-14604,-5480,-248
1015763,34.39,-13800,-5260,-68
1015780,35.41,-13316,-5276,-12
1015797,34.63,-14048,-5624,-36
1015814,35.16,-13032,-5260,-36
1015831,35.71,-13452,-5456,-32
1015848,35.71,-13836,-5596,-148
1015865,35.17,-13100,-5172,-48
1015882,35.17,-13456,-5252,-148
1015899,35.43,-14176,-5488,-88
1015916,34.39,-13584,-5104,-44
1015933,34.64,-13908,-5248,40
1015950,34.37,-14396,-5152,-20
1015967,34.11,-14464,-4848,-8
1015984,33.85,-14776,-4808,-160
1016001,33.58,-15020,-4664,-96
1016018,32.81,-15456,-4296,-588
1016035,33.32,-15572,-4124,76
1016052,32.53,-16060,-3948,120
1016069,31.76,-16500,-3680,-288
1016086,31.49,-16712,-3408,-236
1016103,32.00,-16960,-2960,-204
1016120,31.74,-17216,-2484,-296
1016137,31.47,-17668,-2280,-424
1016154,31.21,-17720,-1696,-352
1016171,30.15,-17844,-1224,-292
1016188,30.42,-18232,-888,-328
1016205,29.93,-18260,-476,-508
1016222,30.68,-18140,48,-540
1016239,30.15,-18400,540,-492
1016256,30.66,-18296,912,-620
1016273,29.89,-18332,1444,-608
