1060405,41.11,-15768,328,-756
1060422,41.11,-15820,416,-736
1060439,41.13,-15604,460,-576
1060456,41.13,-15660,564,-348
1060473,41.13,-15808,452,-540
1060490,41.11,-15816,476,-712
1060507,41.13,-15536,368,-808
1060524,41.11,-15732,504,-552
1060541,41.11,-15712,600,-356
1060558,41.11,-15564,768,-452
1060575,41.09,-15408,1020,-576
1060592,41.11,-16036,1308,-1060
1060609,41.11,-15816,972,-516
1060626,41.09,-13320,1172,300
1060643,42.27,-12324,4504,1444
1060660,41.35,-13304,4840,616
1060677,42.03,-11024,7920,88
1060694,40.63,-9116,7152,-76
1060711,39.93,-11524,8304,-452
1060728,39.94,-12316,8592,-500
1060745,39.93,-9876,7288,-120
1060762,39.00,-12172,8356,-684
1060779,39.22,-13192,8304,-780
1060796,37.37,-12648,7744,-460
1060813,36.67,-13484,8056,-448
1060830,36.44,-14408,7748,-748
1060847,35.69,-15604,7796,-864
1060864,35.41,-15540,7472,-592
1060881,35.16,-16156,7036,-600
1060898,33.58,-17584,7100,-868
1060915,33.31,-18144,6512,-760
1060932,32.26,-18136,5808,-704
1060949,32.52,-19344,5520,-868
1060966,32.00,-20080,4748,-588
1060983,30.68,-20004,4104,-404
1061000,31.20,-20732,3448,-784
1061017,30.94,-21248,2528,-832
1061034,29.89,-21136,1604,-668
1061051,30.68,-21100,900,-576
1061068,30.68,-21440,36,-784
1061085,29.91,-21456,-896,-728
1061102,30.94,-20840,-1608,-560
1061119,30.42,-20512,-2396,-720
1061136,31.21,-20192,-3052,-516
1061153,31.20,-19864,-3860,-584
1061170,31.73,-19192,-4392,-560
1061187,32.79,-18500,-4936,-608
1061204,33.84,-18132,-5472,-480
1061221,34.09,-17516,-5832,-484
1061238,35.14,-16292,-6096,-308
1061255,35.41,-16032,-6436,-528
1061272,35.69,-15060,-6260,-344
1061289,36.43,-15212,-6948,-492
1061306,37.83,-14048,-6836,-304
1061323,38.06,-13040,-6680,-244
1061340,37.82,-13524,-7212,-188
1061357,38.76,-12524,-7008,-268
1061374,39.24,-11712,-6776,-216
1061391,40.42,-11996,-7016,-128
1061408,39.94,-11588,-7004,-300
1061425,40.17,-11040,-6780,-128
1061442,41.57,-11116,-6916,-168
1061459,40.39,-11152,-6908,-224
1061476,40.39,-11108,-6924,-220
1061493,41.09,-11116,-6940,-252
1061510,41.31,-11264,-6892,-312
1061527,40.17,-11604,-7024,-304
1061544,39.00,-11872,-7064,-168
1061561,39.00,-12208,-6884,-312
1061578,38.06,-12640,-6976,-412
1061595,38.78,-13144,-6776,-276
1061612,36.91,-13744,-6828,-388
1061629,36.68,-14388,-6852,-196
1061646,36.44,-15036,-6688,-412
1061663,36.20,-15640,-6488,-320
1061680,34.63,-16284,-6300,-472
1061697,34.35,-17100,-5984,-728
1061714,33.31,-17752,-5564,-808
1061731,33.07,-18264,-5140,-668
1061748,32.00,-19088,-4620,-844
1061765,31.47,-19616,-4092,-792
1061782,31.47,-19828,-3424,-956
1061799,30.94,-20240,-2596,-1048
1061816,30.70,-20880,-1880,-956
1061833,30.42,-20968,-1168,-1168
1061850,30.68,-21096,-252,-1156
1061867,30.17,-21252,588,-1172
1061884,30.68,-21312,1232,-1048
1061901,30.42,-20912,2148,-1172
1061918,30.15,-20452,2976,-1180
1061935,30.41,-20360,3740,-992
1061952,31.21,-19764,4368,-996
1061969,31.20,-19968,5180,-1148
1061986,31.73,-19656,5892,-904
1062003,32.79,-17464,5828,-804
1062020,33.84,-17784,6744,-836
1062037,34.09,-17144,7192,-960
1062054,35.16,-15740,7176,-860
1062071,35.41,-15708,7544,-752
1062088,35.67,-14812,7776,-788
1062105,37.59,-13852,7800,-764
1062122,37.37,-13772,8068,-768
1062139,37.61,-12756,7856,-576
1062156,39.02,-12084,7984,-788
1062173,38.30,-11992,8052,-556
1062190,38.76,-11416,7980,-680
1062207,40.39,-10948,7944,-624
1062224,39.48,-10876,7920,-568
1062241,39.70,-10756,7824,-664
1062258,41.09,-10372,7892,-556
1062275,39.93,-10128,7756,-428
1062292,41.57,-10488,7848,-532
1062309,40.65,-10568,7792,-608
1062326,40.87,-10520,7888,-536
1062343,40.17,-10832,7928,-520
1062360,39.00,-11312,7920,-700
1062377,39.02,-11720,7912,-644
1062394,38.54,-12040,7960,-680
1062411,39.24,-12452,7924,-584
1062428,37.39,-13200,7880,-704
1062445,37.15,-13772,7848,-872
1062462,36.91,-14256,7692,-812
1062479,35.43,-15100,7608,-736
1062496,35.16,-15788,7336,-816
1062513,34.13,-16332,7124,-872
1062530,33.84,-17080,6848,-780
1062547,32.79,-17796,6392,-928
1062564,33.05,-18432,5868,-748
1062581,31.98,-18940,5288,-860
1062598,31.47,-19532,4784,-736
1062615,30.68,-20160,4048,-916
1062632,31.21,-20412,3324,-796
1062649,30.94,-20712,2536,-844
1062666,29.89,-21008,1708,-856
1062683,30.68,-21044,848,-900
1062700,30.68,-20980,100,-816
1062717,29.89,-20852,-664,-716
1062734,30.42,-20804,-1536,-852
1062751,31.20,-20648,-2288,-904
1062768,30.68,-19972,-2892,-792
1062785,31.47,-19656,-3784,-428
1062802,32.00,-19252,-4336,-636
1062819,32.53,-18524,-4724,-688
1062836,33.58,-17948,-5360,-504
1062853,33.32,-17220,-5660,-776
1062870,34.37,-15436,-5712,-404
1062887,34.64,-16756,-6220,-244
1062904,35.69,-15896,-6612,-560
1062921,35.96,-13968,-6248,-624
1062938,36.92,-14568,-6912,-84
1062955,37.13,-13760,-6944,-272
1062972,38.09,-12816,-6628,-400
1062989,39.02,-12840,-6920,-72
1063006,39.46,-12096,-6840,-276
1063023,39.02,-11828,-6824,-144
1063040,39.70,-11980,-6912,-256
1063057,39.94,-11384,-6668,-228
1063074,39.70,-11284,-6712,-88
1063091,40.18,-11468,-6780,-272
1063108,39.70,-11320,-6752,-108
1063125,39.24,-11384,-6884,-264
1063142,39.48,-11576,-6784,-144
1063159,38.78,-11828,-6796,-152
1063176,39.70,-12216,-6792,-232
1063193,38.07,-12428,-6720,-288
1063210,39.24,-12944,-6656,-220
1063227,38.31,-13488,-6748,-296
1063244,36.91,-13788,-6604,-164
1063261,37.15,-14260,-6500,-260
1063278,35.69,-15112,-6392,-364
1063295,35.41,-15916,-6172,-520
1063312,34.37,-16344,-6008,-264
1063329,34.61,-16872,-5604,-320
1063346,33.05,-17556,-5316,-316
1063363,33.31,-18232,-4964,-556
1063380,32.79,-18608,-4400,-680
1063397,32.26,-19276,-3788,-800
1063414,30.94,-19888,-3268,-964
1063431,30.94,-19960,-2484,-924
1063448,30.68,-20468,-1876,-1124
1063465,30.41,-20632,-1068,-820
1063482,30.68,-20728,-248,-1068
1063499,30.68,-20836,596,-1072
1063516,30.68,-20696,1332,-1284
1063533,29.89,-20664,2036,-1060
1063550,30.15,-20316,2816,-1132
1063567,30.42,-19952,3512,-1236
1063584,31.21,-19600,4092,-1076
1063601,31.20,-17232,4388,-660
1063618,32.52,-19352,5584,-980
1063635,33.05,-19340,6160,-1332
1063652,32.77,-16316,5748,-700
1063669,33.84,-17060,6772,-760
1063686,34.09,-16228,7056,-960
1063703,35.16,-15252,6968,-944
1063720,36.20,-15220,7600,-1032
1063737,36.43,-13912,7376,-952
1063754,37.85,-13752,7848,-776
1063771,37.13,-13212,7772,-856
1063788,38.54,-12284,7652,-664
1063805,39.00,-12152,7868,-788
1063822,39.46,-11880,7768,-704
1063839,39.00,-11352,7620,-688
1063856,39.70,-11108,7796,-676
1063873,39.93,-10892,7828,-648
1063890,39.24,-10848,7724,-888
1063907,40.17,-10792,7680,-612
1063924,39.70,-10552,7728,-636
1063941,39.22,-10732,7832,-708
1063958,39.46,-10904,7712,-604
1063975,38.78,-11160,7656,-660
1063992,40.17,-11260,7860,-604
1064009,38.54,-11872,7780,-612
1064026,38.07,-12204,7884,-732
1064043,37.13,-12620,7800,-716
1064060,37.37,-13228,7804,-708
1064077,36.44,-13844,7668,-740
1064094,36.20,-14280,7592,-704
1064111,35.16,-15080,7512,-692
1064128,34.90,-15724,7244,-836
1064145,33.84,-16252,6868,-744
1064162,34.11,-16944,6636,-876
1064179,33.05,-17768,6240,-732
1064196,32.00,-18372,5720,-880
1064213,31.47,-18840,5312,-800
1064230,31.47,-19436,4592,-856
1064247,31.47,-19920,4012,-912
1064264,30.68,-20240,3232,-872
1064281,30.94,-20492,2480,-936
1064298,29.89,-20740,1728,-1028
1064315,30.68,-20960,816,-844
1064332,30.68,-20740,64,-900
1064349,29.89,-20632,-712,-816
1064366,30.42,-20584,-1532,-848
1064383,30.68,-20364,-2292,-876
1064400,31.47,-19660,-2896,-836
1064417,31.47,-19324,-3620,-588
1064434,31.47,-19060,-4208,-428
1064451,32.00,-18504,-4640,-812
1064468,33.05,-17656,-5180,-568
1064485,33.58,-16980,-5392,-616
1064502,34.64,-16940,-5660,748
1064519,34.37,-16792,-6472,-644
1064536,35.41,-14736,-6028,-476
1064553,36.44,-14668,-6332,-436
1064570,36.20,-14824,-6760,-516
1064587,37.16,-13120,-6532,-368
1064604,38.07,-13028,-6708,-336
1064621,38.54,-13064,-6944,-296
1064638,38.54,-12264,-6652,-136
1064655,38.07,-12136,-6784,-332
1064672,38.78,-11988,-6800,-224
1064689,39.00,-11656,-6684,-280
1064706,39.94,-11448,-6764,-160
1064723,38.78,-11604,-6700,-216
1064740,40.39,-11692,-6716,-180
1064757,39.48,-11808,-6768,-208
1064774,39.72,-11752,-6672,-72
1064791,39.02,-12192,-6724,-272
1064808,38.31,-12416,-6720,-144
1064825,38.76,-12660,-6544,-204
1064842,38.31,-13140,-6600,-200
1064859,37.37,-13788,-6516,-472
1064876,36.43,-13964,-6376,-124
1064893,36.67,-14528,-6232,-208
1064910,35.69,-15352,-6324,208
1064927,35.95,-15644,-5728,-16
1064944,34.88,-16408,-5580,-640
1064961,33.85,-16840,-5220,-528
1064978,33.32,-17432,-4912,-448
1064995,32.26,-18068,-4520,-452
1065012,31.74,-18464,-4032,-640
1065029,31.74,-18912,-3484,-692
1065046,31.21,-19552,-2896,-656
1065063,30.42,-20016,-2304,-904
1065080,30.15,-20064,-1532,-820
1065097,30.42,-20412,-928,-896
1065114,30.68,-20652,-232,-1048
1065131,30.68,-20532,712,-916
1065148,30.66,-20436,1296,-932
1065165,30.41,-20488,2064,-1060
1065182,30.15,-20000,2680,-1188
1065199,30.42,-19808,3400,-1160
1065216,30.68,-19288,4080,-1124
1065233,32.00,-18348,4460,-1072
1065250,32.00,-20416,5352,-1740
1065267,32.52,-19464,6044,-1700
1065284,33.60,-15712,5408,-1028
1065301,33.31,-17124,6552,-1028
1065318,34.37,-16392,6856,-1048
1065335,34.88,-14876,6592,-948
1065352,35.95,-15412,7332,-1012
1065369,35.67,-13760,7124,-824
1065386,36.68,-13548,7300,-864
1065403,38.07,-13712,7760,-904
1065420,36.91,-12292,7284,-736
1065437,37.37,-12216,7544,-772
1065454,39.02,-12056,7636,-960
1065471,38.54,-11484,7320,-820
1065488,38.78,-11388,7632,-680
1065505,39.00,-11076,7636,-848
1065522,39.94,-11188,7584,-684
1065539,38.78,-11204,7552,-760
1065556,39.96,-10868,7464,-560
1065573,39.00,-11008,7608,-712
1065590,39.69,-11352,7632,-776
1065607,39.02,-11468,7568,-568
1065624,38.31,-11704,7652,-692
1065641,38.31,-12072,7592,-720
1065658,38.30,-12472,7560,-572
1065675,37.85,-12864,7600,-684
1065692,36.92,-13324,7664,-588
1065709,35.95,-13956,7556,-704
1065726,36.20,-14632,7372,-696
1065743,35.16,-15024,7220,-708
1065760,34.63,-15700,7068,-672
1065777,33.58,-16384,6676,-800
1065794,33.85,-17080,6432,-860
1065811,32.77,-17348,6068,-772
1065828,32.26,-18188,5648,-740
1065845,31.71,-18764,4968,-836
1065862,30.94,-19208,4436,-908
1065879,30.94,-19560,3812,-776
1065896,30.68,-20116,3088,-816
1065913,30.42,-20316,2240,-932
1065930,29.93,-20500,1604,-836
1065947,30.68,-20588,756,-884
1065964,30.66,-20536,-68,-880
1065981,29.89,-20316,-724,-632
1065998,30.94,-20228,-1488,-968
1066015,30.68,-20024,-2184,-668
1066032,31.47,-19620,-2948,-760
1066049,31.47,-18976,-3652,-732
1066066,31.47,-18828,-4084,-696
1066083,32.79,-18312,-4560,-700
1066100,33.32,-17456,-5068,-588
1066117,33.05,-16704,-5148,-516
1066134,34.09,-17104,-5688,296
1066151,34.63,-16724,-6388,-700
1066168,35.67,-14572,-5996,-588
1066185,36.19,-14480,-6152,-360
1066202,35.96,-14816,-6652,-440
1066219,36.43,-13180,-6308,-640
1066236,36.91,-13012,-6524,-228
1066253,36.91,-13092,-6768,-472
1066270,38.54,-12448,-6580,-356
1066287,37.61,-12244,-6736,-404
1066304,38.28,-12020,-6672,-232
1066321,38.07,-11700,-6584,-296
1066338,38.98,-11888,-6652,-172
1066355,39.00,-11616,-6664,-196
1066372,39.00,-11696,-6448,-128
1066389,38.07,-12128,-6696,-212
1066406,38.31,-12088,-6572,-240
1066423,38.07,-12308,-6504,-64
1066440,38.52,-12692,-6408,0
1066457,37.37,-12872,-6544,-124
1066474,36.91,-13456,-6456,-128
1066491,36.43,-13756,-6300,-108
1066508,35.95,-14416,-6192,-272
1066525,35.41,-14552,-5992,-796
1066542,35.69,-15480,-5860,-764
1066559,34.64,-15812,-5740,-192
1066576,34.11,-16500,-5252,-504
1066593,33.58,-16980,-4964,-492
1066610,32.53,-17484,-4524,-428
1066627,32.00,-18168,-4212,-352
1066644,32.00,-18332,-3620,-488
1066661,31.47,-18968,-3152,-668
1066678,30.68,-19664,-2504,-628
1066695,30.41,-19724,-1952,-688
1066712,30.15,-19732,-1264,-552
1066729,29.89,-19964,-604,-728
1066746,30.70,-20208,56,-688
1066763,30.68,-20340,800,-936
1066780,30.68,-20204,1456,-820
1066797,30.42,-19904,2168,-1012
1066814,30.15,-19884,2732,-808
1066831,30.42,-19576,3500,-896
1066848,31.21,-18948,4168,-908
1066865,32.00,-18252,4536,-916
1066882,31.98,-19140,5340,-736
1066899,32.52,-18412,5628,-788
1066916,33.07,-15820,5496,-552
1066933,33.58,-16704,6232,-852
1066950,34.63,-16404,6676,-1224
1066967,34.39,-14916,6552,-1100
1066984,34.90,-15232,7216,-956
1067001,36.68,-13992,6964,-692
1067018,36.44,-13464,7148,-1036
1067035,36.91,-13652,7656,-1040
1067052,37.37,-12452,7128,-672
1067069,37.37,-12340,7260,-836
1067086,39.02,-12372,7492,-992
1067103,38.07,-11564,7368,-800
1067120,38.31,-11640,7348,-688
1067137,39.72,-11304,7460,-708
1067154,39.02,-11240,7388,-828
1067171,39.00,-11416,7408,-664
1067188,38.54,-11136,7328,-684
1067205,39.24,-11320,7480,-704
1067222,37.85,-11616,7504,-556
1067239,37.61,-11708,7440,-748
1067256,38.07,-11944,7464,-712
1067273,36.91,-12348,7460,-628
1067290,36.91,-12808,7416,-620
1067307,36.43,-13136,7416,-732
1067324,35.95,-13612,7248,-628
1067341,35.41,-14204,7204,-592
1067358,34.90,-14812,7012,-660
1067375,34.37,-15240,6988,-660
1067392,34.63,-15768,6756,-672
1067409,34.09,-16456,6436,-688
1067426,33.05,-17052,6024,-712
1067443,32.53,-17496,5708,-808
1067460,31.98,-18088,5288,-712
1067477,31.20,-18668,4580,-896
1067494,31.20,-19140,4144,-740
1067511,30.42,-19308,3408,-772
1067528,30.15,-19748,2740,-980
1067545,30.41,-20140,2112,-796
1067562,29.89,-20196,1396,-764
1067579,30.68,-20076,696,-860
1067596,29.88,-20204,-72,-652
1067613,29.88,-20268,-736,-852
1067630,30.94,-20016,-1556,-756
1067647,31.21,-19648,-2192,-812
1067664,30.68,-19424,-2796,-708
1067681,31.45,-19124,-3480,-404
1067698,31.47,-18296,-3992,-636
1067715,32.79,-17984,-4388,-512
1067732,33.32,-17468,-4896,-604
1067749,33.85,-16620,-4988,-620
1067766,34.37,-15692,-5356,-840
1067783,34.09,-16660,-6360,-592
1067800,34.63,-15004,-5880,-472
1067817,35.16,-14000,-5968,-504
1067834,35.69,-14924,-6676,-448
1067851,36.20,-13424,-6328,-200
1067868,37.85,-12852,-6256,-304
1067885,37.39,-13232,-6692,-272
1067902,36.91,-12480,-6352,-412
1067919,37.61,-12372,-6604,-208
1067936,37.83,-12300,-6560,-300
1067953,39.24,-11932,-6440,-404
1067970,38.07,-12052,-6584,-392
1067987,38.06,-11932,-6584,-84
1068004,37.61,-11892,-6424,-400
1068021,38.31,-12352,-6600,-40
1068038,38.54,-12416,-6468,-256
1068055,37.85,-12444,-6456,-316
1068072,37.15,-12840,-6320,-216
1068089,37.61,-13200,-6344,-256
1068106,36.43,-13716,-6252,-296
1068123,35.95,-13884,-6188,-540
1068140,35.41,-14536,-6032,-420
1068157,34.88,-15236,-5904,-256
1068174,34.37,-15536,-5508,-1008
1068191,33.85,-16064,-5368,-700
1068208,34.13,-16484,-5108,-468
1068225,33.58,-17256,-4828,-516
1068242,32.26,-17460,-4380,-596
1068259,31.73,-17928,-3816,-636
1068276,31.73,-18400,-3340,-672
1068293,31.73,-18940,-2896,-648
1068310,30.96,-19400,-2232,-728
1068327,30.68,-19488,-1720,-720
1068344,30.42,-19768,-960,-640
1068361,29.89,-19716,-376,-696
1068378,30.66,-20000,388,-688
1068395,30.68,-20236,1008,-820
1068412,29.91,-19872,1748,-824
1068429,30.41,-19432,2380,-844
1068446,30.15,-19600,3008,-840
1068463,30.42,-19116,3576,-948
1068480,31.21,-18416,4056,-952
1068497,32.00,-17668,4552,-760
1068514,32.00,-19660,5324,-1452
1068531,32.53,-18804,5924,-1616
1068548,33.05,-15420,5500,-836
1068565,33.58,-16528,6196,-784
1068582,34.09,-16116,6460,-1080
1068599,34.64,-14860,6480,-1032
1068616,35.16,-14840,7036,-804
1068633,35.69,-13848,6764,-704
1068650,36.20,-13644,6928,-836
1068667,36.22,-13568,7352,-916
1068684,36.68,-12356,7012,-836
1068701,37.85,-12460,7212,-784
1068718,37.39,-12436,7420,-824
1068735,38.07,-11704,7208,-836
1068752,37.85,-11804,7264,-756
1068769,37.59,-11684,7192,-716
1068786,38.07,-11492,7272,-544
1068803,38.07,-11500,7304,-600
1068820,37.61,-11512,7276,-720
1068837,38.30,-11808,7348,-736
1068854,38.54,-11752,7344,-756
1068871,37.83,-11992,7268,-828
1068888,37.13,-12480,7304,-740
1068905,37.15,-12660,7184,-564
1068922,37.13,-13032,7288,-540
1068939,37.13,-13404,7204,-840
1068956,35.41,-14032,7088,-716
1068973,34.90,-14496,7072,-756
1068990,34.37,-15068,6728,-776
1069007,33.85,-15512,6676,-848
1069024,33.31,-15992,6360,-756
1069041,32.79,-16520,6080,-800
1069058,32.26,-17240,5676,-756
1069075,32.26,-17708,5336,-912
1069092,31.73,-18008,4756,-1032
1069109,30.96,-18652,4324,-696
1069126,31.47,-19048,3804,-784
1069143,30.68,-19224,3116,-924
1069160,30.94,-19544,2508,-768
1069177,29.89,-19844,1912,-816
1069194,29.89,-19888,1140,-712
1069211,30.68,-19860,500,-768
1069228,29.89,-19880,-228,-788
1069245,30.42,-19920,-1008,-788
1069262,30.17,-19584,-1704,-612
1069279,30.42,-19204,-2248,-588
1069296,31.20,-19072,-2944,-496
1069313,31.49,-18688,-3496,-588
1069330,31.47,-18152,-3968,-488
1069347,32.81,-17716,-4400,-648
1069364,33.32,-17176,-4708,-432
1069381,33.84,-16608,-5008,-428
1069398,34.37,-14956,-5512,-356
1069415,34.37,-16780,-5784,-856
1069432,34.88,-15540,-6076,-288
1069449,35.41,-13712,-5688,-404
1069466,35.95,-14600,-6444,-428
1069483,35.95,-13712,-6140,-376
1069500,37.15,-12972,-6128,-260
1069517,36.68,-13160,-6416,-188
1069534,37.37,-12564,-6324,-112
1069551,38.06,-12396,-6344,-112
1069568,37.39,-12556,-6488,-336
1069585,37.13,-11932,-6176,-92
1069602,37.59,-12248,-6476,-248
1069619,37.13,-12232,-6464,-204
1069636,38.76,-12028,-6100,-392
1069653,37.37,-12504,-6300,-224
1069670,37.13,-12728,-6400,-304
1069687,36.91,-12836,-6296,-104
1069704,37.39,-13192,-6208,-328
1069721,36.22,-13672,-6188,-568
1069738,36.20,-13992,-6100,-308
1069755,36.20,-14228,-5984,-484
1069772,34.90,-14720,-5716,-360
1069789,34.39,-15284,-5652,-416
1069806,33.84,-16396,-5492,-1024
1069823,33.32,-16076,-5076,-520
1069840,33.32,-16824,-4800,-532
1069857,32.79,-17468,-4456,-660
1069874,32.26,-17568,-3972,-676
1069891,31.45,-17876,-3504,-584
1069908,31.47,-18560,-2996,-768
1069925,30.68,-19076,-2528,-540
1069942,31.21,-19212,-1960,-664
1069959,30.15,-19204,-1316,-608
1069976,30.42,-19692,-748,-568
1069993,30.68,-19600,-40,-684
1070010,30.15,-19612,636,-756
1070027,30.66,-19832,1332,-860
1070044,29.89,-19788,1728,-872
1070061,30.94,-19280,2540,-672
1070078,30.68,-18948,3160,-760
1070095,30.94,-18840,3636,-820
1070112,31.74,-18472,4196,-888
1070129,31.73,-16412,4264,-488
1070146,32.52,-17996,5244,-640
1070163,32.52,-17912,5596,-940
1070180,33.05,-15812,5572,-636
1070197,33.60,-16068,6220,-808
1070214,34.11,-15600,6280,-840
1070231,34.63,-14804,6452,-828
1070248,35.96,-14532,6856,-848
1070265,35.16,-13740,6768,-856
1070282,36.44,-13948,6972,-936
1070299,36.44,-13220,7076,-724
1070316,36.46,-12540,6972,-828
1070333,37.15,-12644,7096,-864
1070350,37.83,-12236,7076,-832
1070367,38.09,-11936,7208,-896
1070384,37.83,-11840,7184,-764
1070401,37.13,-11748,7028,-924
1070418,37.61,-11716,7164,-704
1070435,37.15,-11592,7136,-612
1070452,38.31,-11728,7244,-764
1070469,36.91,-12176,7108,-684
1070486,37.15,-12040,7072,-864
1070503,36.44,-12124,7052,-724
1070520,37.37,-12780,7128,-752
1070537,36.20,-13056,6992,-716
1070554,36.22,-13368,7080,-744
1070571,36.22,-13776,7008,-776
1070588,35.71,-14424,6908,-768
1070605,34.37,-14808,6688,-804
1070622,34.37,-15120,6504,-732
1070639,33.84,-15772,6328,-936
1070656,33.32,-16516,5944,-888
1070673,32.77,-16692,5612,-856
1070690,32.79,-17124,5328,-880
1070707,31.47,-17760,4812,-880
1070724,31.47,-18268,4332,-784
1070741,30.70,-18560,3916,-900
1070758,30.41,-18900,3404,-812
1070775,30.15,-19216,2824,-756
1070792,30.41,-19452,2088,-860
1070809,29.89,-19528,1360,-896
1070826,30.70,-19676,692,-652
1070843,30.68,-19648,40,-800
1070860,29.91,-19584,-508,-704
1070877,30.42,-19528,-1248,-680
1070894,30.68,-19292,-1812,-636
1070911,30.94,-18792,-2428,-632
1070928,31.21,-18688,-2932,-724
1070945,31.21,-18336,-3564,-528
1070962,32.00,-17808,-4112,-444
1070979,32.52,-17280,-4292,-280
1070996,32.52,-16804,-4832,-452
1071013,33.84,-16316,-5036,-472
1071030,34.37,-14944,-5136,-384
1071047,34.37,-15744,-5600,-296
1071064,34.90,-15436,-5856,-244
1071081,34.88,-13796,-5740,-500
1071098,36.20,-14292,-6280,-168
1071115,36.22,-13820,-6128,-36
1071132,36.91,-13008,-5964,-320
1071149,36.44,-13268,-6496,-148
1071166,36.24,-12676,-6096,-240
1071183,36.44,-12404,-6100,-420
1071200,37.83,-12788,-6260,-116
1071217,36.67,-12152,-6228,-212
1071234,36.67,-12308,-6196,-348
1071251,36.67,-12520,-6252,-240
1071268,37.37,-12472,-6128,-100
1071285,37.61,-12640,-6216,-216
1071302,37.85,-12844,-6104,-20
1071319,37.15,-13180,-6144,-156
1071336,36.44,-13432,-6076,-116
1071353,36.44,-14088,-6200,16
1071370,35.67,-13564,-5644,64
1071387,35.17,-14828,-5796,-56
1071404,34.37,-15320,-5700,-444
1071421,33.85,-15236,-5244,-396
1071438,33.84,-15864,-5072,-96
1071455,33.29,-16596,-4788,-64
1071472,33.31,-16556,-4392,-272
1071489,32.00,-17620,-4176,-512
1071506,32.00,-17808,-3788,-576
1071523,32.00,-18084,-3260,-540
1071540,31.21,-18576,-2680,-620
1071557,30.41,-19100,-2140,-616
1071574,30.68,-19168,-1548,-632
1071591,30.42,-19220,-876,-780
1071608,29.91,-19316,-444,-568
1071625,30.70,-19544,284,-724
1071642,30.17,-19336,964,-820
1071659,29.89,-19444,1572,-748
1071676,30.42,-19312,2068,-768
1071693,30.17,-19088,2756,-748
1071710,31.20,-18696,3396,-900
1071727,30.70,-18364,3712,-672
1071744,30.94,-17772,4276,-788
1071761,31.73,-18912,5056,-1304
1071778,32.28,-18172,5480,-1232
1071795,32.26,-15620,5180,-664
1071812,33.58,-16340,5900,-920
1071829,34.11,-16116,6240,-976
1071846,34.11,-14916,6252,-988
1071863,34.63,-15028,6552,-820
1071880,34.64,-14128,6612,-768
1071897,35.95,-13776,6708,-856
1071914,35.95,-13744,6940,-932
1071931,36.68,-12876,6756,-636
1071948,36.22,-12628,6872,-760
1071965,36.91,-12712,7092,-948
1071982,37.13,-12152,6948,-836
1071999,37.37,-11992,6948,-824
1072016,36.68,-12040,7080,-812
1072033,37.13,-11912,7060,-896
1072050,37.15,-11864,6916,-664
1072067,36.65,-11876,6968,-820
1072084,37.35,-12052,7128,-796
1072101,38.06,-12344,7048,-864
1072118,37.83,-12404,6972,-828
1072135,37.13,-12632,7020,-756
1072152,36.44,-13052,6896,-880
1072169,36.43,-13356,6848,-840
1072186,35.69,-13672,6852,-676
1072203,35.67,-14056,6828,-840
1072220,34.37,-14764,6632,-844
1072237,33.84,-15064,6456,-1004
1072254,33.84,-15516,6276,-776
1072271,33.32,-16060,5956,-764
1072288,33.31,-16604,5644,-624
1072305,31.98,-17008,5180,-780
1072322,32.00,-17396,4984,-944
1072339,31.98,-17948,4448,-932
1072356,31.20,-18324,3888,-752
1072373,30.94,-18624,3452,-828
1072390,30.70,-18952,2768,-876
1072407,30.42,-19196,2248,-980
1072424,29.89,-19408,1596,-932
1072441,30.68,-19284,1004,-904
1072458,30.68,-19396,384,-956
1072475,29.93,-19404,-284,-820
1072492,30.42,-19360,-844,-760
1072509,30.15,-19072,-1508,-580
1072526,31.21,-18832,-2080,-756
1072543,31.47,-18760,-2680,-804
1072560,30.96,-18148,-3212,-524
1072577,31.73,-17756,-3560,-372
1072594,31.74,-17608,-3988,-428
1072611,32.53,-17044,-4428,-492
1072628,33.05,-16380,-4820,-412
1072645,33.07,-15964,-4976,-424
1072662,34.37,-14492,-5292,-272
1072679,34.35,-15904,-5464,-748
1072696,34.88,-15184,-5696,-172
1072713,35.69,-13384,-5480,-232
1072730,35.67,-14496,-6176,-436
1072747,36.43,-13552,-5896,-340
1072764,36.68,-13024,-5796,-296
1072781,36.20,-13320,-6212,-204
1072798,36.44,-12716,-6064,-264
1072815,36.91,-12640,-5980,-108
1072832,36.20,-12840,-6248,-140
1072849,36.67,-12532,-6044,-72
1072866,36.67,-12560,-6084,-296
1072883,36.20,-12792,-6180,-96
1072900,36.44,-12728,-5996,-212
1072917,36.67,-13020,-6072,20
1072934,36.44,-13092,-6020,-232
1072951,36.20,-13360,-5916,-156
1072968,35.41,-13912,-5872,-212
1072985,35.95,-14048,-5628,-228
1073002,35.14,-14572,-5456,-252
1073019,34.63,-15048,-5476,-124
1073036,33.84,-15416,-5280,-184
1073053,33.82,-16004,-5056,-692
1073070,33.31,-16132,-4724,-316
1073087,33.31,-16940,-4516,-280
1073104,31.98,-17136,-4028,-412
1073121,32.00,-17496,-3592,-432
1073138,31.21,-17904,-3228,-480
1073155,31.21,-18356,-2700,-488
1073172,30.94,-18576,-2236,-444
1073189,30.68,-18820,-1756,-684
1073206,30.94,-19100,-1140,-640
1073223,29.89,-19320,-572,-648
1073240,30.66,-19060,24,-816
1073257,30.68,-19156,724,-724
1073274,30.70,-19232,1268,-740
1073291,29.89,-18960,2012,-824
1073308,30.94,-18964,2496,-756
1073325,30.68,-18952,3032,-724
1073342,30.94,-18296,3516,-816
1073359,31.20,-17660,3968,-956
1073376,31.98,-16364,4180,-488
1073393,31.98,-17872,4848,-880
1073410,32.79,-17464,5264,-1000
1073427,32.79,-15604,5380,-752
1073444,33.31,-16272,5896,-800
1073461,33.31,-15620,5924,-884
1073478,34.63,-14820,6240,-948
1073495,34.61,-14592,6552,-924
1073512,34.63,-14044,6420,-920
1073529,35.43,-14008,6792,-932
1073546,35.41,-13220,6876,-780
1073563,36.22,-12856,6816,-788
1073580,36.44,-13036,6880,-840
1073597,36.67,-12352,6920,-928
1073614,36.91,-12312,6964,-784
1073631,36.20,-12292,6892,-856
1073648,37.15,-12128,6892,-876
1073665,37.13,-12048,6916,-792
1073682,36.68,-12064,6920,-840
1073699,36.20,-12236,6816,-804
1073716,36.91,-12384,6924,-800
1073733,36.67,-12348,6844,-868
1073750,36.43,-12720,6876,-832
1073767,36.22,-13148,6840,-816
1073784,35.41,-13268,6804,-856
1073801,35.43,-13688,6816,-780
1073818,34.64,-14156,6548,-776
1073835,34.64,-14556,6416,-880
1073852,33.85,-14784,6288,-896
1073869,33.84,-15396,6208,-912
1073886,33.31,-15888,5892,-996
1073903,33.32,-16300,5572,-976
1073920,31.98,-16880,5200,-1044
1073937,32.00,-17324,4864,-1036
1073954,31.21,-17588,4424,-888
1073971,31.74,-17956,3972,-900
1073988,30.94,-18544,3444,-824
1074005,30.68,-18732,2912,-800
1074022,30.94,-18760,2348,-900
1074039,30.41,-19012,1752,-852
1074056,29.89,-19240,1120,-892
1074073,30.68,-19260,500,-872
1074090,30.70,-19060,-8,-780
1074107,29.89,-19212,-688,-584
1074124,30.41,-19072,-1348,-756
1074141,30.68,-18664,-1904,-836
1074158,30.94,-18536,-2316,-632
1074175,31.20,-18288,-2924,-684
1074192,32.00,-17848,-3436,-612
1074209,31.47,-17280,-3808,-416
1074226,32.28,-17004,-4192,-452
1074243,32.26,-16680,-4504,-444
1074260,33.58,-16040,-4840,-368
1074277,33.58,-15628,-4984,-276
1074294,33.56,-14868,-5096,-752
1074311,34.88,-15616,-6100,-224
1074328,34.88,-14316,-5432,-180
1074345,35.67,-13612,-5440,-148
1074362,35.16,-14480,-6092,-288
1074379,35.41,-13232,-5684,-192
1074396,36.20,-13144,-5784,100
1074413,35.95,-13304,-5984,-412
1074430,36.92,-12812,-5936,-140
1074447,36.20,-12888,-6048,-224
1074464,36.67,-12700,-6012,-108
1074481,36.67,-12656,-5844,-64
1074498,36.20,-13040,-6028,24
1074515,37.37,-12804,-5844,-80
1074532,35.95,-13120,-5884,-76
1074549,36.20,-13428,-5944,-120
1074566,35.95,-13428,-5692,-112
1074583,36.43,-13748,-5712,96
1074600,34.90,-14204,-5632,-224
1074617,34.90,-14452,-5504,64
1074634,34.09,-14828,-5260,-116
1074651,34.11,-15844,-5012,-452
1074668,34.11,-15856,-5044,-228
1074685,32.79,-16056,-4504,-144
1074702,32.79,-16612,-4232,-304
1074719,32.00,-16856,-3940,-308
1074736,32.00,-17364,-3556,-332
1074753,31.20,-17664,-3068,-436
1074770,31.71,-17952,-2704,-412
1074787,30.96,-18476,-2228,-448
1074804,30.68,-18556,-1752,-480
1074821,30.94,-18656,-1148,-592
1074838,30.41,-18964,-568,-548
1074855,30.68,-19052,-132,-676
1074872,30.15,-18908,484,-616
1074889,30.68,-18944,1096,-576
1074906,29.89,-19128,1672,-776
1074923,30.42,-18888,2104,-712
1074940,30.15,-18548,2588,-768
1074957,30.41,-18420,3264,-820
1074974,30.70,-17864,3524,-816
1074991,30.94,-17396,4064,-872
1075008,31.74,-17916,4760,-956
1075025,31.73,-17848,5012,-1048
1075042,32.52,-15636,4888,-688
1075059,33.05,-16064,5468,-940
1075076,33.05,-15884,5980,-1160
1075093,33.82,-15012,5888,-876
1075110,33.84,-15180,6228,-972
1075127,35.14,-13936,6300,-692
1075144,35.95,-14056,6356,-932
1075161,35.41,-13992,6708,-1044
1075178,36.20,-12736,6436,-732
1075195,36.44,-12980,6592,-856
1075212,36.67,-13240,6808,-1000
1075229,36.91,-12332,6664,-912
1075246,36.20,-12284,6780,-736
1075263,37.15,-12488,6812,-844
1075280,37.61,-12456,6808,-936
1075297,37.13,-12240,6816,-836
1075314,36.67,-12108,6820,-804
1075331,36.20,-12632,6772,-928
1075348,36.43,-12728,6764,-864
1075365,36.20,-12704,6712,-828
1075382,35.95,-13120,6664,-940
1075399,35.69,-13504,6636,-952
1075416,34.88,-13712,6748,-948
1075433,34.90,-13868,6488,-888
1075450,34.11,-14464,6440,-872
1075467,34.11,-14824,6136,-968
1075484,33.31,-15256,6116,-980
1075501,33.32,-15692,5768,-980
1075518,32.79,-16080,5436,-976
1075535,31.98,-16876,5212,-1052
1075552,32.00,-17024,4816,-1008
1075569,31.21,-17244,4324,-984
1075586,31.73,-17948,3976,-964
1075603,31.47,-18188,3416,-996
1075620,31.21,-18324,3028,-836
1075637,30.17,-18696,2416,-1112
1075654,30.44,-18892,1852,-896
1075671,29.89,-19100,1216,-720
1075688,30.68,-18856,704,-768
1075705,30.70,-19096,216,-1032
1075722,29.89,-19012,-540,-848
1075739,30.41,-18940,-980,-836
1075756,30.15,-18648,-1668,-692
1075773,30.42,-18464,-2184,-612
1075790,30.68,-18052,-2656,-688
1075807,30.96,-17872,-3176,-520
1075824,31.73,-17600,-3616,-484
1075841,32.53,-17332,-3880,-500
1075858,32.52,-16536,-4320,-332
1075875,33.32,-16100,-4640,-404
1075892,33.31,-15856,-4756,-340
1075909,33.31,-14420,-5112,-368
1075926,34.11,-15380,-5220,-692
1075943,34.90,-15496,-5500,-320
1075960,35.69,-13480,-5272,-272
1075977,35.14,-14316,-5760,12
1075994,35.43,-13816,-5628,-196
1076011,35.69,-13240,-5640,-232
1076028,35.95,-13432,-5948,268
1076045,35.71,-12944,-5872,44
1076062,36.20,-12856,-5724,-80
1076079,36.68,-13296,-5920,-76
1076096,36.68,-12744,-5720,84
1076113,36.22,-12872,-5816,-92
1076130,36.20,-13312,-5848,124
1076147,36.48,-13096,-5616,8
1076164,35.43,-13400,-5760,-120
1076181,35.69,-13612,-5560,68
1076198,35.41,-14012,-5448,-184
1076215,34.64,-14212,-5460,-84
1076232,35.16,-14440,-5324,-20
1076249,34.37,-15416,-5152,-572
1076266,34.37,-15424,-5064,-296
1076283,33.58,-15408,-4756,16
1076300,33.58,-16104,-4388,-256
1076317,32.79,-16344,-4332,-160
1076334,32.77,-16760,-4000,-324
1076351,32.00,-17112,-3464,-220
1076368,31.21,-17492,-3112,-352
1076385,31.74,-17764,-2712,-236
1076402,30.94,-18032,-2172,-428
1076419,30.68,-18408,-1760,-436
1076436,30.96,-18772,-1252,-472
1076453,30.42,-18648,-656,-488
1076470,29.94,-18676,-248,-756
1076487,30.68,-18912,408,-716
1076504,30.68,-18864,908,-520
1076521,29.89,-18696,1564,-612
1076538,30.41,-18712,2044,-792
1076555,30.96,-18388,2468,-716
1076572,31.20,-18324,3108,-940
1076589,30.96,-17900,3484,-804
1076606,31.21,-17468,3756,-876
1076623,32.00,-15604,3744,-584
1076640,32.00,-17660,4808,-920
1076657,32.77,-17392,5228,-1408
1076674,32.79,-15248,5136,-796
1076691,33.58,-15984,5552,-848
1076708,33.56,-15292,5772,-1092
1076725,33.56,-14748,5916,-980
1076742,34.37,-14632,6136,-980
1076759,35.16,-13816,6168,-828
1076776,34.64,-14020,6456,-1000
1076793,35.43,-13496,6392,-924
1076810,35.71,-12992,6304,-756
1076827,35.95,-13164,6668,-992
1076844,35.69,-12688,6508,-968
1076861,36.22,-12736,6520,-1016
1076878,35.95,-12636,6648,-860
1076895,36.43,-12292,6536,-1072
1076912,36.44,-12552,6812,-1004
1076929,35.95,-12496,6600,-808
1076946,36.20,-12692,6536,-932
1076963,35.69,-12848,6704,-976
1076980,35.95,-12924,6524,-948
1076997,35.69,-13136,6612,-900
1077014,35.43,-13372,6532,-888
1077031,34.63,-13820,6352,-948
1077048,35.16,-14136,6264,-908
1077065,34.35,-14308,6120,-968
1077082,33.58,-14784,6092,-752
1077099,33.58,-15316,5888,-1020
1077116,32.79,-15652,5548,-984
1077133,32.79,-16028,5364,-840
1077150,32.79,-16500,5116,-1000
1077167,32.00,-16824,4704,-976
1077184,31.21,-17292,4360,-1060
1077201,31.74,-17484,3948,-880
1077218,31.47,-18004,3532,-956
1077235,31.23,-18228,2980,-1112
1077252,30.15,-18364,2524,-984
1077269,30.42,-18560,1900,-900
1077286,29.89,-18776,1328,-988
1077303,30.70,-18860,756,-752
1077320,30.68,-18680,280,-824
1077337,29.89,-18808,-292,-828
1077354,30.41,-18820,-904,-656
1077371,30.15,-18452,-1440,-740
1077388,31.21,-18192,-1940,-608
1077405,30.94,-18096,-2540,-888
1077422,31.73,-17824,-2924,-616
1077439,31.98,-17336,-3280,-520
1077456,31.47,-16984,-3732,-572
1077473,32.26,-16588,-4228,-96
1077490,32.26,-16356,-4392,-540
1077507,33.05,-15612,-4568,-456
1077524,33.05,-15360,-4688,-204
1077541,33.84,-15208,-5224,72
1077558,34.11,-15288,-5656,-228
1077575,34.11,-14140,-5192,-240
1077592,34.37,-14092,-5312,-384
1077609,35.16,-14244,-5716,-124
1077626,34.90,-13264,-5472,-88
1077643,35.14,-13496,-5688,-168
1077660,36.20,-13420,-5860,-36
1077677,35.40,-12832,-5632,40
1077694,35.95,-13236,-5576,56
1077711,35.96,-13224,-5768,16
1077728,35.95,-13020,-5696,128
1077745,35.40,-13340,-5796,176
1077762,35.69,-13280,-5500,-8
1077779,35.16,-13648,-5660,52
1077796,34.90,-13712,-5576,148
1077813,34.64,-14072,-5444,88
1077830,34.35,-14396,-5300,-36
1077847,34.88,-14528,-5124,64
1077864,34.09,-13960,-4632,320
1077881,33.32,-15196,-4760,656
1077898,33.84,-15816,-4608,-100
1077915,33.05,-15916,-4236,-240
1077932,32.26,-16296,-4080,-68
1077949,32.26,-16752,-3772,-88
1077966,31.45,-17204,-3464,-32
1077983,31.20,-17408,-3068,-228
1078000,31.21,-17660,-2572,-232
1078017,30.94,-17952,-2164,-228
1078034,30.68,-18272,-1760,-264
1078051,30.15,-18348,-1216,-688
1078068,30.41,-18468,-700,-400
1078085,29.91,-18664,-156,-504
1078102,30.68,-18676,312,-480
1078119,30.68,-18504,868,-508
1078136,30.68,-18700,1476,-676
1078153,29.89,-18760,1812,-688
1078170,30.94,-18188,2468,-840
1078187,30.68,-18060,2904,-636
1078204,30.96,-17944,3320,-896
1078221,31.20,-17200,3720,-820
1078238,31.47,-16756,4088,-824
1078255,32.26,-18496,4656,-1268
1078272,31.73,-17792,5224,-1488
1078289,32.53,-14868,4760,-748
1078306,32.52,-15920,5512,-844
1078323,33.31,-15808,5700,-1104
1078340,33.32,-14648,5656,-1112
1078357,34.11,-14768,6072,-1004
1078374,34.90,-13884,5780,-940
1078391,34.37,-14052,6160,-1068
1078408,34.64,-13872,6400,-1076
1078425,36.20,-12868,6280,-952
1078442,35.16,-13248,6452,-1076
1078459,36.22,-13208,6388,-984
1078476,35.96,-12608,6336,-884
1078493,36.44,-12684,6544,-940
1078510,36.44,-12700,6484,-1072
1078527,36.44,-12748,6596,-932
1078544,36.44,-12616,6536,-940
1078561,35.95,-12764,6508,-908
1078578,36.20,-13148,6460,-908
1078595,35.16,-13012,6436,-1000
1078612,35.43,-13268,6400,-864
1078629,35.14,-13688,6336,-1028
1078646,35.69,-13768,6204,-1044
1078663,34.11,-14064,6132,-1060
1078680,34.63,-14524,5972,-996
1078697,33.84,-14920,5888,-996
1078714,33.84,-15112,5612,-1120
1078731,33.07,-15420,5540,-1120
1078748,32.28,-15992,5240,-1060
1078765,32.26,-16448,4900,-1056
1078782,31.49,-16820,4520,-1076
1078799,32.02,-17064,4228,-1040
1078816,31.74,-17480,3788,-976
1078833,30.96,-17700,3472,-1072
1078850,31.20,-18008,2912,-996
1078867,30.15,-18340,2348,-1012
1078884,30.41,-18500,1876,-848
1078901,29.89,-18476,1456,-884
1078918,30.70,-18692,800,-896
1078935,30.70,-18652,232,-820
1078952,29.89,-18604,-288,-792
1078969,30.42,-18544,-812,-820
1078986,30.96,-18552,-1392,-716
1079003,30.70,-18224,-1780,-836
1079020,30.97,-17844,-2316,-576
1079037,31.21,-17676,-2756,-592
1079054,31.49,-17564,-3132,-556
1079071,32.26,-17088,-3528,-592
1079088,31.74,-16908,-3868,-392
1079105,32.52,-16184,-4408,-160
1079122,33.31,-15944,-4484,-332
1079139,32.79,-15524,-4572,-236
1079156,33.58,-14120,-4972,0
1079173,34.37,-15456,-5064,-488
1079190,34.63,-15024,-5280,-272
1079207,34.11,-13416,-4980,-172
1079224,34.37,-14444,-5592,-24
1079241,34.63,-14052,-5508,-84
1079258,35.69,-13172,-5332,-152
1079275,35.43,-13712,-5636,4
1079292,35.93,-13332,-5488,64
1079309,35.16,-13164,-5528,-56
1079326,35.16,-13504,-5776,60
1079343,35.17,-13044,-5448,36
1079360,35.95,-13460,-5444,-16
1079377,35.41,-13736,-5600,96
1079394,35.67,-13336,-5504,-44
1079411,34.63,-13920,-5340,36
1079428,34.37,-14240,-5256,-108
1079445,34.11,-14288,-5092,168
1079462,33.85,-14664,-4968,112
1079479,34.39,-14848,-4756,-60
1079496,33.58,-14892,-4668,456
1079513,32.79,-15752,-4512,288
1079530,33.32,-15896,-4200,-108
1079547,32.53,-16400,-3960,40
1079564,31.73,-16504,-3592,-92
1079581,32.26,-16868,-3320,0
1079598,31.49,-17400,-2864,-168
1079615,31.20,-17600,-2404,-232
1079632,30.94,-17728,-2132,-340
1079649,30.68,-18020,-1528,-412
1079666,30.96,-18348,-1116,-480
1079683,30.42,-18224,-668,-280
1079700,29.93,-18340,-68,-320
1079717,30.68,-18552,284,-556
1079734,30.68,-18540,760,-420
1079751,30.68,-18372,1388,-564
1079768,29.89,-18348,1884,-524
1079785,30.42,-18356,2316,-808
1079802,30.68,-18116,2716,-664
1079819,30.41,-17692,3280,-648
1079836,30.68,-17336,3608,-596
1079853,30.94,-17184,3936,-700
1079870,31.73,-16432,4348,-452
1079887,32.00,-16756,4616,-416
1079904,32.00,-15980,4824,-784
1079921,32.79,-15516,4992,-840
1079938,33.58,-15656,5504,-1312
1079955,33.56,-14836,5416,-1068
1079972,33.84,-14756,5828,-976
1079989,34.63,-14104,5784,-944
1080006,34.11,-13788,5924,-1004
1080023,34.37,-14312,6308,-1036
1080040,34.64,-13228,6056,-868
1080057,35.69,-13048,6200,-844
1080074,35.43,-13452,6380,-1052
1080091,35.16,-12880,6288,-1100
1080108,35.69,-12792,6368,-1268
1080125,36.19,-12864,6408,-1188
1080142,36.22,-12816,6336,-1124
1080159,35.67,-12988,6316,-948
1080176,35.67,-12780,6316,-984
1080193,35.95,-13172,6356,-1108
1080210,34.90,-13320,6268,-1044
1080227,35.14,-13208,6064,-824
1080244,34.90,-13660,6220,-1248
1080261,34.63,-14072,6140,-1124
1080278,33.84,-14204,5904,-1092
1080295,34.37,-14492,5968,-1016
1080312,33.58,-14832,5716,-1072
1080329,33.32,-15332,5480,-1108
1080346,33.32,-15588,5332,-1044
1080363,32.52,-15872,5032,-1172
1080380,31.74,-16268,4788,-1136
1080397,32.28,-16776,4332,-1180
1080414,32.00,-17040,4004,-1264
1080431,31.21,-17268,3756,-1112
1080448,30.94,-17580,3324,-1104
1080465,31.20,-17876,2716,-1048
1080482,30.17,-18048,2360,-912
1080499,30.42,-18100,1856,-928
1080516,29.89,-18448,1388,-1080
1080533,29.89,-18472,760,-832
1080550,29.91,-18312,364,-836
1080567,29.89,-18396,-312,-844
1080584,30.42,-18492,-792,-776
1080601,30.96,-18296,-1336,-816
1080618,30.68,-17976,-1684,-704
1080635,30.42,-17812,-2180,-576
1080652,30.68,-17640,-2696,-600
1080669,30.96,-17356,-3104,-456
1080686,31.74,-17128,-3452,-424
1080703,32.00,-16396,-3828,40
1080720,32.79,-16360,-3892,-408
1080737,32.28,-15884,-4276,-288
1080754,33.05,-15648,-4640,-352
1080771,33.31,-15312,-4712,-168
1080788,34.11,-14440,-4612,-420
1080805,33.58,-15244,-5460,-228
1080822,33.84,-14320,-5220,68
1080839,34.11,-13576,-4956,-72
1080856,35.17,-14384,-5516,-116
1080873,34.88,-13616,-5248,40
1080890,34.64,-13356,-5352,192
1080907,35.17,-13792,-5460,64
1080924,35.69,-13132,-5300,-44
1080941,35.69,-13728,-5468,264
1080958,35.69,-13548,-5416,20
1080975,35.17,-13244,-5320,124
1080992,35.95,-13688,-5400,140
1081009,34.90,-13756,-5232,200
1081026,35.16,-13972,-5272,236
1081043,34.11,-14096,-5052,176
1081060,33.84,-14384,-4952,188
1081077,33.58,-14812,-4844,8
1081094,34.13,-14672,-4664,572
1081111,33.84,-15332,-4596,352
1081128,33.05,-15440,-4296,176
1081145,32.77,-16020,-4024,68
1081162,32.00,-16088,-3836,80
1081179,32.00,-16616,-3464,140
1081196,31.74,-16992,-3016,-40
1081213,31.47,-17128,-2752,-36
1081230,31.21,-17248,-2220,-108
1081247,30.94,-17848,-1984,-168
1081264,30.68,-17920,-1584,-128
1081281,30.94,-18008,-1056,-208
1081298,30.41,-18260,-592,-340
1081315,29.93,-18228,-92,-228
1081332,30.68,-18232,364,-328
1081349,30.68,-18436,868,-316
1081366,30.68,-18236,1288,-456
1081383,29.89,-18296,1808,-528
1081400,30.42,-18080,2280,-688
1081417,30.68,-17680,2764,-784
1081434,30.42,-17800,3064,-596
1081451,30.68,-17276,3528,-924
1081468,30.94,-16824,3932,-692
1081485,31.21,-15596,4012,-336
1081502,32.00,-16812,4628,-664
1081519,32.26,-16612,4984,-1004
1081536,33.07,-15000,4944,-880
1081553,32.53,-15760,5224,-740
1081570,33.31,-14984,5452,-1120
1081587,34.11,-14628,5672,-968
1081604,33.60,-14300,5756,-964
1081621,33.85,-13888,5660,-936
1081638,34.13,-14232,6072,-1112
1081655,34.37,-13344,5932,-852
1081672,35.41,-13260,6060,-1028
1081689,35.16,-13588,6312,-1224
1081706,34.90,-12880,6124,-1108
1081723,35.43,-12960,6344,-1160
1081740,35.43,-13132,6028,-988
1081757,35.41,-12908,6168,-1184
1081774,35.43,-13004,6296,-1148
1081791,34.90,-12936,6140,-1216
1081808,35.16,-13388,6164,-1208
1081825,34.64,-13512,6048,-1132
1081842,35.69,-13412,6016,-1072
1081859,34.63,-13832,6104,-1244
1081876,34.37,-14164,5976,-1344
1081893,34.09,-14380,5852,-1108
1081910,33.31,-14668,5540,-1424
1081927,33.84,-14956,5504,-1088
1081944,33.05,-15188,5356,-1280
1081961,32.79,-15712,5076,-1140
1081978,31.98,-16056,4808,-1224
1081995,32.52,-16288,4592,-1176
1082012,31.73,-16572,4280,-1148
1082029,31.47,-16960,3992,-1204
1082046,31.21,-17344,3488,-1260
1082063,30.96,-17380,3096,-1144
1082080,31.20,-17616,2732,-1192
1082097,30.13,-18012,2120,-952
1082114,30.41,-18112,1680,-1028
1082131,30.41,-18124,1312,-1164
1082148,29.89,-18376,824,-1040
1082165,29.91,-18344,120,-888
1082182,29.88,-18364,-156,-752
1082199,30.41,-18072,-800,-772
1082216,30.96,-18132,-1348,-660
1082233,30.68,-17960,-1796,-684
1082250,30.41,-17532,-2104,-596
1082267,30.66,-17372,-2496,-532
