1102186,42.50,-15596,340,-664
1102203,42.48,-15736,388,-392
1102220,42.48,-15636,520,-396
1102237,42.03,-15600,520,-288
1102254,42.02,-15756,504,-608
1102271,42.02,-15876,264,-776
1102288,42.02,-15912,168,-680
1102305,42.02,-15908,140,-484
1102322,43.18,-15880,440,-484
1102340,49.07,-15768,380,-496
1102357,43.18,-15808,56,-824
1102374,43.18,-15884,100,-800
1102391,43.20,-15888,168,-624
1102408,43.18,-15792,324,-416
1102425,43.18,-15844,468,-272
1102442,43.20,-16004,352,-132
1102459,42.02,-15852,360,-304
1102476,42.02,-15556,392,-420
1102493,42.03,-15656,656,-452
1102510,42.03,-15808,788,-516
1102527,42.02,-16460,1196,-1000
1102544,42.03,-14644,1268,-1424
1102561,42.50,-11348,3520,12
1102578,42.02,-11020,8476,-572
1102595,42.26,-10188,8608,-320
1102612,41.57,-8628,7208,0
1102629,40.85,-11644,8628,-652
1102646,40.41,-11456,8328,-652
1102663,39.44,-10340,7752,-312
1102680,40.17,-12480,8620,-588
1102697,39.94,-12536,8184,-560
1102714,37.59,-13100,8344,-604
1102731,36.91,-13732,8340,-476
1102748,37.35,-14192,7744,-436
1102765,36.19,-15972,8160,-716
1102782,35.41,-15784,7676,-652
1102799,35.16,-16580,7236,-528
1102816,33.58,-18164,7180,-680
1102833,33.32,-18280,6552,-672
1102850,33.07,-18740,6060,-484
1102867,32.00,-19952,5600,-716
1102884,31.47,-20292,4732,-772
1102901,31.45,-20656,4136,-552
1102918,30.68,-21196,3108,-616
1102935,30.42,-21412,2344,-708
1102952,29.89,-21548,1488,-656
1102969,30.68,-21676,580,-588
1102986,29.88,-21760,-312,-524
1103003,30.41,-21540,-1096,-464
1103020,30.66,-21196,-1984,-552
1103037,30.94,-20972,-2792,-548
1103054,30.94,-20372,-3624,-572
1103071,31.45,-19804,-4236,-320
1103088,32.52,-19456,-4880,-412
1103105,33.05,-18528,-5452,-116
1103122,33.84,-17836,-5732,-464
1103139,34.09,-17356,-6240,-212
1103156,35.67,-15552,-6240,-252
1103173,35.95,-16508,-6712,-232
1103190,36.20,-16484,-7520,-340
1103207,37.37,-14072,-6888,-304
1103224,38.06,-13076,-6728,-232
1103241,38.30,-13160,-7168,-380
1103258,40.15,-12632,-7136,-348
1103275,39.00,-12232,-7088,-520
1103292,39.93,-11992,-7120,-472
1103309,41.11,-11652,-7200,-516
1103326,40.17,-10964,-6908,-344
1103343,40.39,-10780,-6996,-208
1103360,41.33,-11036,-7048,-412
1103377,42.24,-10728,-6940,-416
1103394,41.33,-10868,-6840,-420
1103411,42.03,-11104,-7056,-352
1103428,40.17,-11168,-6936,-436
1103445,40.63,-11396,-6952,-536
1103462,39.46,-11864,-7056,-340
1103479,39.00,-12356,-7108,-428
1103496,39.22,-12560,-6964,-516
1103513,37.83,-13292,-6968,-408
1103530,37.59,-13860,-7028,-596
1103547,36.89,-14336,-6952,-524
1103564,36.22,-15180,-6780,-764
1103581,35.93,-15972,-6592,-780
1103598,35.16,-16716,-6324,-808
1103615,34.90,-17280,-6040,-828
1103632,33.31,-17900,-5480,-716
1103649,33.05,-18656,-5164,-956
1103666,32.00,-19260,-4648,-1072
1103683,31.45,-19724,-3908,-1004
1103700,30.94,-20208,-3232,-1320
1103717,30.96,-20640,-2476,-1152
1103734,30.68,-20840,-1796,-1136
1103751,30.41,-21124,-860,-1024
1103768,29.88,-21824,-96,-1004
1103785,30.66,-21364,732,-984
1103802,29.89,-21320,1584,-844
1103819,30.42,-21192,2536,-936
1103836,30.68,-20836,3196,-912
1103853,30.94,-20924,3908,-900
1103870,30.94,-19520,4512,-612
1103887,31.47,-20224,5488,-820
1103904,32.00,-20004,6244,-896
1103921,33.05,-17216,6092,-480
1103938,33.32,-17568,6960,-592
1103955,34.90,-17164,7408,-648
1103972,35.16,-15740,7180,-488
1103989,36.67,-15616,7896,-360
1104006,36.20,-14492,7908,-436
1104023,36.44,-13676,7816,-340
1104040,37.13,-13360,8108,-320
1104057,39.00,-11524,6408,-1832
1104074,38.30,-14228,8944,636
1104091,39.24,-11808,8128,-1284
1104108,39.70,-8172,5800,-604
1104125,41.33,-14636,10392,-1012
1104142,40.39,-10036,7600,-24
1104159,40.65,-8008,6292,64
1104176,41.55,-12520,9528,-932
1104193,40.85,-9900,7336,-480
1104210,42.03,-9496,7304,-452
1104227,40.63,-11532,9000,-572
1104244,40.87,-9192,7072,-264
1104261,40.17,-11548,8276,-472
1104278,40.18,-11572,8328,-752
1104295,40.17,-10436,7468,-268
1104312,39.24,-12820,8624,-416
1104329,37.83,-12568,7976,-572
1104346,37.61,-12844,7856,-256
1104363,37.37,-13824,8244,-636
1104380,36.67,-14180,7848,-624
1104397,36.43,-15572,7864,-776
1104414,34.88,-15724,7624,-536
1104431,34.61,-16256,7288,-516
1104448,34.37,-17720,7028,-764
1104465,32.79,-17988,6480,-704
1104482,33.05,-18368,5968,-604
1104499,32.00,-19368,5476,-644
1104516,31.45,-19812,4680,-640
1104533,30.68,-20260,3988,-492
1104550,30.68,-20760,3308,-592
1104567,30.41,-21036,2464,-636
1104584,29.89,-21292,1716,-680
1104601,30.68,-21364,748,-756
1104618,30.66,-21284,28,-812
1104635,29.94,-21252,-984,-704
1104652,30.15,-20832,-1760,-628
1104669,30.41,-20792,-2456,-592
1104686,31.21,-20288,-3308,-556
1104703,31.20,-19788,-4032,-640
1104720,31.74,-19204,-4624,-552
1104737,32.79,-18556,-5132,-376
1104754,33.82,-17884,-5448,-556
1104771,34.09,-16828,-5812,-472
1104788,35.16,-17260,-6224,-588
1104805,35.41,-16492,-6768,-596
1104822,35.67,-14616,-6448,-408
1104839,37.13,-14596,-6860,-392
1104856,37.37,-14292,-6980,-408
1104873,37.59,-13220,-6796,-292
1104890,38.54,-12856,-7012,-296
1104907,39.48,-12472,-7044,-216
1104924,39.94,-12024,-6864,-556
1104941,39.46,-12496,-7328,-452
1104958,40.17,-11380,-7036,-368
1104975,40.41,-10496,-6596,-84
1104992,40.17,-10876,-6852,-208
1105009,40.63,-11236,-6956,-424
1105026,40.17,-11600,-6992,-632
1105043,40.87,-11456,-6880,-632
1105060,41.09,-11588,-6924,-504
1105077,40.39,-11460,-6800,-384
1105094,39.22,-11692,-6784,-372
1105111,38.76,-12588,-6892,-576
1105128,38.30,-13068,-6952,-600
1105145,38.98,-13200,-6740,-528
1105162,37.13,-13752,-6652,-644
1105179,36.89,-14568,-6692,-664
1105196,36.20,-15100,-6420,-768
1105213,35.16,-15668,-6184,-748
1105230,34.90,-16408,-5944,-648
1105247,33.84,-17016,-5604,-708
1105264,33.56,-17772,-5176,-804
1105281,32.52,-18412,-4756,-948
1105298,32.77,-18872,-4292,-996
1105315,32.26,-19532,-3664,-980
1105332,30.94,-19756,-3024,-1040
1105349,30.94,-20208,-2384,-1040
1105366,30.68,-20612,-1676,-1004
1105383,30.41,-20900,-920,-924
1105400,29.94,-20864,-152,-1008
1105417,30.66,-20852,712,-860
1105434,29.88,-21116,1344,-744
1105451,30.41,-20596,2200,-788
1105468,30.15,-20508,2908,-792
1105485,30.42,-20532,3696,-592
1105502,31.20,-19580,4264,-644
1105519,31.73,-18368,4768,-272
1105536,32.26,-19256,5544,-224
1105553,32.79,-18256,6040,-472
1105570,33.05,-16656,6344,-348
1105587,34.11,-17204,7008,-344
1105604,35.16,-16060,7020,-440
1105621,35.41,-15336,7160,-456
1105638,35.67,-15044,7648,-488
1105655,37.13,-13896,7492,-404
1105672,36.91,-13664,7820,-408
1105689,38.78,-13168,7824,-388
1105706,38.07,-12228,7708,-236
1105723,39.00,-12008,7756,-240
1105740,39.46,-8912,5288,-2116
1105757,40.17,-13612,9228,-240
1105774,39.24,-11640,8516,-1388
1105791,39.46,-7256,4848,-20
1105808,40.39,-14580,10252,-660
1105825,40.85,-10192,7568,-264
1105842,40.85,-7888,6036,148
1105859,39.48,-13100,9376,-696
1105876,39.70,-10252,7292,-464
1105893,39.46,-10516,7376,-496
1105910,39.93,-12468,8492,-720
1105927,38.30,-10720,7228,-376
1105944,37.83,-12752,8068,-648
1105961,38.07,-13172,8136,-480
1105978,37.11,-12396,7348,-380
1105995,36.91,-14436,8172,-516
1106012,37.13,-14400,7600,-636
1106029,35.67,-14868,7336,-500
1106046,35.41,-15924,7408,-504
1106063,34.39,-16116,6956,-636
1106080,33.32,-17208,6736,-588
1106097,33.05,-17876,6264,-688
1106114,32.52,-18132,5748,-376
1106131,32.00,-19000,5288,-628
1106148,31.49,-19528,4816,-672
1106165,31.47,-19948,3940,-644
1106182,30.68,-20412,3324,-528
1106199,30.94,-20688,2524,-732
1106216,29.89,-20756,1640,-632
1106233,30.68,-21056,840,-536
1106250,30.66,-20984,148,-616
1106267,29.89,-20868,-660,-500
1106284,30.94,-20840,-1584,-584
1106301,31.21,-20540,-2340,-464
1106318,30.66,-20204,-2960,-504
1106335,31.47,-19644,-3684,-620
1106352,31.98,-19148,-4308,-308
1106369,32.53,-18428,-4824,-576
1106386,33.56,-17676,-5248,-440
1106403,33.31,-17052,-5616,-456
1106420,34.35,-16888,-6100,-180
1106437,35.41,-16756,-6668,-288
1106454,35.69,-14808,-6252,-360
1106471,36.20,-14520,-6572,-396
1106488,36.41,-14484,-6996,-336
1106505,37.82,-13044,-6584,-244
1106522,37.15,-13096,-6916,-428
1106539,37.61,-12808,-6992,-232
1106556,39.26,-11964,-6752,-276
1106573,38.78,-11988,-6876,-236
1106590,39.48,-11948,-6900,-280
1106607,39.24,-11264,-6656,-228
1106624,39.00,-11644,-6732,-748
1106641,39.02,-12448,-7284,-508
1106658,39.02,-11084,-6644,-528
1106675,39.72,-10724,-6480,-300
1106692,39.94,-11456,-6704,-296
1106709,39.70,-12204,-6780,-672
1106726,38.52,-12936,-6964,-812
1106743,38.54,-12664,-6684,-620
1106760,38.09,-12836,-6508,-400
1106777,37.13,-13356,-6736,-456
1106794,37.83,-14068,-6556,-436
1106811,36.43,-14880,-6504,-764
1106828,35.41,-15144,-6204,-656
1106845,35.16,-15612,-5944,-532
1106862,34.09,-16456,-5752,-720
1106879,34.37,-17264,-5292,-880
1106896,33.31,-17696,-4976,-680
1106913,32.79,-18112,-4652,-684
1106930,31.74,-18596,-3996,-852
1106947,31.73,-19100,-3412,-900
1106964,31.73,-19408,-2732,-960
1106981,30.96,-20024,-2244,-800
1106998,30.17,-20316,-1436,-928
1107015,30.42,-20392,-744,-668
1107032,29.88,-20612,-60,-908
1107049,30.68,-20676,636,-704
1107066,30.68,-20632,1396,-848
1107083,30.42,-20776,2172,-776
1107100,30.15,-20308,2880,-708
1107117,30.42,-19752,3584,-684
1107134,31.21,-19508,4012,-796
1107151,31.21,-17584,4288,-736
1107168,32.53,-19640,5476,-1072
1107185,33.05,-19312,6256,-888
1107202,32.77,-15776,5616,-408
1107219,33.84,-16972,6640,-420
1107236,34.39,-16348,6940,-532
1107253,34.64,-15140,6748,-384
1107270,35.69,-15212,7360,-340
1107287,36.67,-13872,7220,-188
1107304,36.43,-13580,7472,-300
1107321,37.37,-13608,7588,-488
1107338,38.76,-12420,7308,-272
1107355,39.26,-12144,7480,-244
1107372,39.22,-12128,7652,-348
1107389,38.78,-11248,5980,504
1107406,39.00,-13624,9896,-464
1107423,38.78,-13244,9296,-1476
1107440,39.72,-5996,4504,612
1107457,40.17,-13876,9256,-760
1107474,39.69,-12500,8440,-700
1107491,38.78,-7616,5628,-116
1107508,39.00,-12872,8644,-720
1107525,38.76,-12020,7872,-824
1107542,39.24,-10304,6724,-352
1107559,37.61,-13304,8352,-464
1107576,37.13,-12048,7340,-312
1107593,36.67,-12680,7328,-600
1107610,37.37,-14304,8156,-564
1107627,36.44,-13208,7096,-144
1107644,35.41,-14712,7420,-640
1107661,35.69,-15668,7464,-480
1107678,34.63,-15184,6712,-468
1107695,33.56,-16708,6808,-580
1107712,33.84,-16852,6412,-644
1107729,32.79,-17484,5952,-544
1107746,32.26,-18436,5556,-592
1107763,31.73,-18544,5084,-624
1107780,30.94,-19260,4388,-808
1107797,30.94,-19668,3784,-520
1107814,30.68,-19972,3084,-436
1107831,30.41,-20260,2388,-452
1107848,29.88,-20536,1692,-612
1107865,30.68,-20508,876,-500
1107882,30.68,-20620,136,-688
1107899,29.89,-20452,-568,-632
1107916,30.94,-20404,-1496,-548
1107933,31.20,-20108,-2216,-484
1107950,30.68,-19676,-2896,-540
1107967,31.47,-19404,-3416,-376
1107984,31.47,-18968,-3972,-424
1108001,32.00,-18452,-4492,-388
1108018,32.52,-17652,-4980,-544
1108035,33.58,-16956,-5376,-460
1108052,34.09,-14860,-5432,-560
1108069,35.16,-16744,-6256,-300
1108086,34.90,-15608,-6356,-404
1108103,35.93,-13740,-6100,-224
1108120,36.44,-14912,-6824,-316
1108137,37.37,-13556,-6656,-444
1108154,37.85,-12588,-6468,-368
1108171,38.30,-13176,-6900,-404
1108188,37.83,-12488,-6644,-208
1108205,39.00,-11956,-6696,-352
1108222,39.24,-12088,-6768,-368
1108239,39.02,-11760,-6680,-132
1108256,38.76,-11664,-6696,-140
1108273,38.76,-11576,-6664,-304
1108290,38.76,-11672,-6724,-376
1108307,39.44,-11232,-6088,-444
1108324,39.24,-12760,-7000,-580
1108341,39.00,-12180,-6712,-500
1108358,37.82,-11464,-6272,-184
1108375,38.30,-12960,-6780,-308
1108392,37.83,-13616,-6444,-892
1108409,37.37,-14148,-6504,-700
1108426,36.43,-14256,-6416,-520
1108443,35.93,-14348,-6180,-496
1108460,34.88,-15328,-6040,-668
1108477,35.16,-16420,-5840,-928
1108494,34.11,-16400,-5424,-812
1108511,33.58,-16740,-4940,-884
1108528,33.05,-17880,-4800,-936
1108545,32.00,-18056,-4292,-816
1108562,32.00,-18492,-3716,-764
1108579,31.47,-19004,-3084,-740
1108596,30.68,-19228,-2584,-728
1108613,30.41,-20004,-1988,-908
1108630,30.15,-20208,-1220,-852
1108647,29.89,-19980,-524,-688
1108664,30.68,-20400,80,-640
1108681,30.68,-20356,840,-664
1108698,29.89,-20136,1572,-508
1108715,30.42,-20172,2216,-488
1108732,30.17,-19900,2876,-440
1108749,30.41,-19404,3440,-436
1108766,31.23,-19032,4224,-596
1108783,32.00,-18344,4620,-456
1108800,32.02,-18964,5348,-560
1108817,32.53,-18388,5744,-424
1108834,33.07,-16056,5744,-204
1108851,34.11,-16748,6268,-200
1108868,33.84,-16508,6736,-536
1108885,34.37,-14864,6612,-436
1108902,35.41,-15028,7192,-492
1108919,35.95,-14300,7096,-348
1108936,36.91,-13464,7180,-324
1108953,37.37,-13616,7424,-296
1108970,37.85,-12572,7120,-440
1108987,38.30,-12308,7368,-360
1109004,37.85,-11616,6872,-316
1109021,38.54,-14000,9040,-240
1109038,38.76,-10820,7196,-132
1109055,38.54,-9200,6008,-548
1109072,39.46,-14900,9436,-1172
1109089,39.93,-10228,6496,-400
1109106,39.48,-9268,6276,-404
1109123,38.54,-13840,8848,-996
1109140,38.31,-10660,6672,-520
1109157,38.07,-11328,7204,-400
1109174,38.54,-12936,7972,-576
1109191,37.37,-11464,6936,-448
1109208,36.92,-13728,7712,-492
1109225,36.44,-13220,7376,-484
1109242,35.95,-12944,7040,-360
1109259,35.41,-15204,7520,-508
1109276,34.88,-14512,6920,-428
1109293,35.16,-15152,6776,-648
1109310,34.11,-16136,6652,-588
1109327,33.58,-16392,6208,-604
1109344,33.07,-17240,6040,-556
1109361,32.52,-17596,5604,-552
1109378,31.98,-17936,5140,-636
1109395,31.98,-18740,4664,-604
1109412,31.20,-18932,4060,-636
1109429,30.41,-19348,3376,-488
1109446,30.15,-19812,2820,-624
1109463,30.42,-19952,2160,-492
1109480,29.91,-20036,1420,-584
1109497,30.68,-20108,820,-632
1109514,29.89,-20176,48,-556
1109531,29.91,-20104,-876,-768
1109548,30.15,-19792,-1500,-508
1109565,31.20,-19692,-2172,-460
1109582,30.68,-19488,-2924,-496
1109599,31.47,-18936,-3408,-476
1109616,31.47,-18540,-3892,-480
1109633,31.98,-18008,-4532,-444
1109650,33.32,-17468,-4848,-360
1109667,33.84,-16756,-5112,-392
1109684,33.56,-15984,-5360,-340
1109701,34.11,-16604,-5840,-760
1109718,34.61,-15872,-6164,-540
1109735,36.43,-13968,-5956,-428
1109752,35.67,-14420,-6272,-376
1109769,36.20,-14044,-6584,-412
1109786,36.20,-12824,-6224,-260
1109803,37.83,-12988,-6532,-208
1109820,36.91,-12924,-6636,-328
1109837,37.59,-12180,-6340,-272
1109854,37.83,-12172,-6476,-252
1109871,37.61,-12104,-6500,-320
1109888,38.54,-11880,-6544,-296
1109905,38.54,-12004,-6556,-336
1109922,38.07,-11884,-6440,-356
1109939,38.76,-12076,-6448,-252
1109956,37.35,-12396,-6468,-428
1109973,38.31,-12460,-6500,-148
1109990,37.59,-11560,-5796,-972
1110007,36.43,-14408,-6884,-548
1110024,36.43,-13512,-6484,-276
1110041,35.95,-12660,-5812,-348
1110058,35.43,-15244,-6396,-688
1110075,36.19,-15612,-5972,-740
1110092,34.35,-15100,-5536,-696
1110109,33.84,-16164,-5600,-752
1110126,33.31,-16564,-5084,-740
1110143,32.77,-17284,-4740,-1108
1110160,32.26,-17748,-4340,-704
1110177,31.71,-18064,-3860,-752
1110194,31.73,-18372,-3368,-928
1110211,30.94,-18872,-2736,-716
1110228,30.96,-19276,-2240,-736
1110245,30.68,-19860,-1768,-824
1110262,30.42,-19796,-880,-704
1110279,29.89,-19648,-208,-768
1110296,30.68,-19964,456,-844
1110313,30.68,-19996,1032,-484
1110330,29.89,-20076,1720,-532
1110347,30.42,-19720,2408,-628
1110364,30.68,-19420,3008,-408
1110381,30.92,-19436,3620,-476
1110398,31.20,-18536,4252,-368
1110415,31.20,-17736,4564,-268
1110432,32.00,-14196,4680,-1388
1110449,32.52,-19356,6356,-196
1110466,33.05,-16828,6052,752
1110483,33.56,-13308,5232,-96
1110500,34.09,-18216,7320,-1344
1110517,34.63,-15524,6924,-600
1110534,35.16,-12164,5892,-324
1110551,35.67,-15476,7688,-936
1110568,36.20,-14168,7228,-800
1110585,36.20,-12284,6628,-276
1110602,36.20,-13308,7592,-716
1110619,37.83,-12436,6996,-900
1110636,37.35,-12236,7300,-444
1110653,37.61,-11828,7392,-376
1110670,37.39,-11368,7096,-524
1110687,38.78,-12168,7476,-800
1110704,38.06,-11264,7136,-592
1110721,38.06,-11392,7228,-436
1110738,39.24,-11864,7248,-420
1110755,37.85,-11540,7084,-412
1110772,38.07,-12012,7452,-592
1110789,37.37,-12096,7168,-604
1110806,36.67,-12312,7228,-524
1110823,37.15,-12884,7332,-668
1110840,37.15,-13036,7216,-412
1110857,36.67,-13832,7176,-624
1110874,36.20,-14044,7060,-464
1110891,34.90,-14388,6828,-560
1110908,34.39,-15136,6804,-456
1110925,33.84,-15632,6528,-508
1110942,33.31,-15948,6304,-560
1110959,32.79,-16632,6024,-368
1110976,32.26,-17284,5636,-720
1110993,31.74,-17708,5104,-620
1111010,31.73,-18112,4832,-620
1111027,30.94,-18564,4196,-596
1111044,30.94,-19108,3588,-516
1111061,30.68,-19388,3060,-548
1111078,30.94,-19556,2512,-616
1111095,29.91,-19780,1700,-520
1111112,30.68,-19940,1148,-692
1111129,30.68,-19768,420,-604
1111146,29.89,-19784,-320,-576
1111163,30.42,-19780,-876,-492
1111180,30.15,-19596,-1688,-644
1111197,30.41,-19204,-2340,-452
1111214,31.20,-18968,-2796,-464
1111231,31.98,-18676,-3452,-588
1111248,32.00,-18108,-3832,-440
1111265,32.00,-17612,-4300,-312
1111282,32.52,-17076,-4660,-436
1111299,33.85,-16588,-5024,-404
1111316,34.37,-15500,-5272,-396
1111333,34.37,-16208,-5708,-620
1111350,34.88,-15548,-5928,-360
1111367,35.41,-13988,-5844,-244
1111384,35.95,-14372,-6208,-228
1111401,35.95,-13656,-5956,-332
1111418,36.67,-13668,-6328,-500
1111435,36.20,-13060,-6364,-424
1111452,37.37,-12244,-6020,-336
1111469,37.61,-12616,-6508,-512
1111486,37.39,-12484,-6472,-504
1111503,38.76,-12116,-6268,-600
1111520,37.13,-12396,-6396,-488
1111537,37.13,-12244,-6360,-584
1111554,38.30,-11944,-6240,-392
1111571,36.91,-12440,-6464,-316
1111588,37.13,-12712,-6304,-568
1111605,36.43,-12948,-6176,-516
1111622,37.39,-13164,-6200,-660
1111639,36.20,-13396,-6064,-404
1111656,36.20,-13940,-6024,-632
1111673,36.20,-14332,-5856,-560
1111690,34.88,-14708,-5736,-512
1111707,34.35,-15344,-5612,-604
1111724,33.84,-15920,-5512,-664
1111741,33.82,-16148,-5212,-668
1111758,33.31,-16648,-4652,-744
1111775,32.79,-17172,-4464,-872
1111792,32.26,-17704,-3988,-932
1111809,31.47,-18116,-3432,-884
1111826,31.47,-18464,-2968,-744
1111843,30.68,-18760,-2480,-736
1111860,30.41,-19184,-1984,-836
1111877,30.13,-19448,-1280,-888
1111894,30.41,-19636,-740,-812
1111911,29.88,-19800,-100,-708
1111928,30.68,-19600,528,-768
1111945,30.68,-19420,1212,-608
1111962,29.89,-19752,1872,-648
1111979,30.94,-19616,2436,-572
1111996,30.66,-18972,3072,-560
1112013,30.94,-18964,3636,-564
1112030,31.71,-18280,4144,-496
1112047,31.73,-17020,4540,-160
1112064,32.52,-18292,5156,-344
1112081,33.03,-17276,5520,-484
1112098,33.05,-15792,5688,-236
1112115,33.58,-16508,6364,-316
1112132,34.09,-15552,6272,-216
1112149,34.61,-14776,6432,-204
1112166,34.63,-14700,6868,-196
1112183,35.14,-13960,6688,-248
1112200,36.43,-13688,6760,-340
1112217,36.44,-11636,4192,1408
1112234,37.59,-14904,8416,-88
1112251,36.65,-14364,8244,-1724
1112268,37.35,-8228,4680,-228
1112285,37.13,-14140,8468,-376
1112302,36.91,-13308,7920,-692
1112319,37.83,-8768,5488,-276
1112336,38.28,-13012,7804,-580
1112353,38.28,-12828,7508,-908
1112370,37.37,-10340,6324,-548
1112387,37.59,-12796,7672,-528
1112404,37.39,-12008,6896,-452
1112421,37.15,-12040,6936,-768
1112438,36.44,-13580,7520,-528
1112455,36.44,-12188,6640,-444
1112472,35.69,-13688,7092,-580
1112489,35.67,-14548,7284,-572
1112506,35.16,-13504,6344,-344
1112523,35.14,-15344,6808,-656
1112540,33.84,-15368,6380,-780
1112557,33.31,-15464,6156,-620
1112574,32.77,-16648,5980,-628
1112591,32.77,-16832,5560,-604
1112608,32.24,-17356,5344,-632
1112625,32.26,-17728,4672,-480
1112642,31.45,-18000,4216,-676
1112659,30.68,-18656,3852,-644
1112676,30.41,-18936,3204,-592
1112693,30.15,-19172,2544,-612
1112710,30.41,-19380,2032,-648
1112727,29.89,-19492,1372,-596
1112744,30.66,-19592,588,-748
1112761,30.68,-19640,76,-624
1112778,29.88,-19416,-564,-648
1112795,30.41,-19496,-1320,-512
1112812,30.66,-19160,-1824,-624
1112829,30.94,-18952,-2300,-596
1112846,31.21,-18416,-3076,-436
1112863,31.20,-18080,-3468,-456
1112880,31.98,-17748,-4016,-516
1112897,32.00,-17360,-4336,-360
1112914,32.50,-16652,-4604,-432
1112931,33.82,-16364,-5016,-324
1112948,34.35,-14864,-5212,-452
1112965,34.33,-16380,-5756,-584
1112982,34.37,-15392,-5696,-404
1112999,34.88,-13736,-5536,-384
1113016,35.67,-14604,-6204,-352
1113033,35.67,-13772,-6140,-284
1113050,36.44,-12968,-5912,-200
1113067,37.15,-13372,-6284,-312
1113084,37.37,-12764,-6148,-208
1113101,37.13,-12472,-6060,-104
1113118,36.91,-12712,-6204,-232
1113135,37.35,-12380,-6064,-304
1113152,37.82,-12308,-6180,-168
1113169,37.35,-11744,-5616,-436
1113186,36.44,-13404,-6552,-568
1113203,36.67,-13196,-6336,-248
1113220,36.89,-11672,-5656,-220
1113237,36.20,-13492,-6272,-340
1113254,36.67,-13692,-6000,-524
1113271,35.93,-13656,-5760,-580
1113288,35.14,-14680,-5916,-440
1113305,35.16,-14432,-5480,-384
1113322,34.63,-14832,-5460,-396
1113339,34.63,-15840,-5300,-628
1113356,33.31,-16092,-4948,-696
1113373,32.79,-16332,-4644,-652
1113390,32.77,-16940,-4296,-660
1113407,32.77,-17456,-3996,-768
1113424,31.45,-17880,-3572,-628
1113441,31.45,-17996,-3032,-800
1113458,31.20,-18192,-2508,-696
1113475,30.41,-18860,-2052,-636
1113492,30.15,-19248,-1704,-472
1113509,30.41,-19032,-864,-708
1113526,29.89,-19124,-244,-680
1113543,30.66,-19536,268,-416
1113560,30.68,-19384,884,-648
1113577,29.89,-19204,1580,-512
1113594,30.41,-19332,2132,-488
1113611,30.15,-19092,2684,-460
1113628,30.41,-18596,3232,-564
1113645,30.66,-18268,3916,-496
1113662,31.47,-17764,4124,-444
1113679,32.26,-17824,4680,-464
1113696,32.24,-17780,5248,-516
1113713,32.28,-17164,5552,64
1113730,33.56,-16284,6352,-1052
1113747,33.56,-14648,5476,-1256
1113764,34.09,-16036,6288,-708
1113781,34.09,-15664,6932,-444
1113798,35.41,-12704,5840,-412
1113815,35.41,-14184,6748,-764
1113832,35.40,-14528,7284,-788
1113849,36.20,-12248,6272,-436
1113866,36.91,-13036,7144,-712
1113883,36.43,-12872,7144,-840
1113900,36.20,-12228,6792,-632
1113917,37.61,-12548,7268,-552
1113934,36.91,-11500,6860,-596
1113951,37.35,-12248,7084,-704
1113968,37.35,-12528,7180,-604
1113985,36.91,-11484,6728,-436
1114002,37.59,-12424,7208,-692
1114019,36.20,-12500,7040,-540
1114036,36.43,-12612,6868,-676
1114053,36.19,-12844,6908,-668
1114070,36.20,-12848,6836,-468
1114087,35.93,-13720,6932,-588
1114104,35.96,-13804,6812,-496
1114121,34.61,-14044,6628,-608
1114138,34.63,-14840,6644,-536
1114155,34.63,-15180,6352,-472
1114172,33.31,-15528,6152,-616
1114189,32.77,-16080,5912,-632
1114206,32.79,-16556,5588,-560
1114223,32.77,-17004,5252,-572
1114240,31.49,-17448,4780,-676
1114257,31.49,-17844,4408,-804
1114274,31.21,-18292,3852,-672
1114291,30.42,-18652,3248,-648
1114308,30.66,-18760,2832,-708
1114325,30.42,-19020,2220,-732
1114342,29.88,-19400,1596,-716
1114359,30.68,-19220,876,-632
1114376,30.68,-19296,320,-664
1114393,29.88,-19332,-312,-528
1114410,30.41,-19288,-1028,-436
1114427,30.15,-19120,-1608,-560
1114444,31.20,-18832,-2088,-596
1114461,31.47,-18360,-2632,-456
1114478,30.94,-18044,-3268,-468
1114495,31.73,-17692,-3692,-584
1114512,31.73,-17448,-4108,-552
1114529,32.52,-16904,-4572,-472
1114546,33.05,-16252,-4716,-384
1114563,33.05,-15816,-4856,-548
1114580,34.37,-16004,-5108,-300
1114597,34.37,-15760,-5824,-108
1114614,34.37,-14224,-5400,-460
1114631,35.16,-14240,-5564,-484
1114648,35.17,-14564,-5980,-824
1114665,35.93,-13956,-5976,-560
1114682,36.20,-12800,-5788,-464
1114699,36.43,-12892,-5928,-244
1114716,36.20,-13276,-6228,-500
1114733,36.44,-12652,-5856,-664
1114750,36.44,-12820,-6048,-336
1114767,36.92,-12804,-6172,-404
1114784,36.44,-12352,-6032,-356
1114801,36.43,-12676,-5984,-392
1114818,36.67,-12948,-5944,-536
1114835,36.91,-13088,-5956,-420
1114852,36.67,-13316,-5936,-308
1114869,36.44,-13436,-5848,-416
1114886,35.67,-13920,-5704,-504
1114903,34.88,-14352,-5456,-420
1114920,34.88,-14536,-5388,-404
1114937,34.11,-14876,-5232,-440
1114954,34.09,-15584,-5148,-560
1114971,33.58,-15888,-4908,-624
1114988,32.77,-16204,-4540,-680
1115005,32.79,-16728,-4220,-628
1115022,32.79,-17076,-3884,-584
1115039,31.47,-17400,-3464,-488
1115056,31.98,-17696,-3024,-588
1115073,31.21,-18232,-2704,-764
1115090,30.94,-18484,-1924,-676
1115107,30.66,-18800,-1520,-620
1115124,30.41,-18964,-1080,-828
1115141,29.89,-19080,-416,-672
1115158,30.66,-19136,128,-788
1115175,30.66,-19128,636,-644
1115192,30.66,-19212,1204,-608
1115209,29.89,-18980,1888,-524
1115226,30.94,-19032,2544,-612
1115243,30.66,-18616,2956,-256
1115260,30.94,-18168,3416,-536
1115277,31.20,-17880,3892,-412
1115294,31.98,-16288,3956,-364
1115311,31.98,-18208,4936,-664
1115328,32.79,-17684,5368,-644
1115345,32.79,-15296,5188,-280
1115362,33.31,-16188,5700,-244
1115379,33.31,-15604,5852,-400
1115396,34.09,-14672,5968,-392
1115413,35.41,-14688,6340,-340
1115430,35.43,-13660,5784,-1968
1115447,34.90,-15908,7064,-916
1115464,35.67,-13220,6764,-56
1115481,36.44,-11196,5600,-440
1115498,36.67,-15812,7968,-1316
1115515,36.91,-11736,6492,-524
1115532,36.67,-10580,5956,-420
1115549,36.43,-14440,7800,-1008
1115566,36.89,-11924,6456,-560
1115583,36.89,-11472,6600,-460
1115600,36.43,-13072,7428,-844
1115617,37.59,-12036,6516,-636
1115634,36.20,-13136,6988,-612
1115651,36.43,-12368,6680,-428
1115668,36.20,-12520,6588,-672
1115685,35.95,-14068,7172,-832
1115702,35.16,-12820,6404,-576
1115719,35.69,-13728,6648,-612
1115736,34.88,-14520,6712,-712
1115753,34.88,-14360,6176,-604
1115770,33.58,-15152,6312,-644
1115787,33.58,-15460,5972,-732
1115804,33.58,-15892,5696,-688
1115821,32.77,-16420,5508,-616
1115838,32.28,-16648,5092,-408
1115855,31.49,-17368,4656,-744
1115872,31.47,-17644,4288,-700
1115889,31.21,-17828,3900,-740
1115906,30.94,-18388,3396,-664
1115923,30.70,-18668,2884,-716
1115940,30.94,-18792,2296,-636
1115957,29.91,-18848,1656,-836
1115974,29.89,-19148,1104,-636
1115991,30.68,-19252,488,-772
1116008,29.88,-19124,-120,-700
1116025,29.89,-18952,-716,-672
1116042,30.94,-18804,-1236,-696
1116059,30.68,-18756,-1860,-492
1116076,30.94,-18260,-2372,-596
1116093,31.20,-18052,-2872,-304
1116110,32.00,-17964,-3436,-732
1116127,31.47,-17484,-3816,-420
1116144,32.24,-16752,-4104,-516
1116161,32.28,-16516,-4572,-428
1116178,33.58,-16244,-4780,-440
1116195,33.58,-14404,-4656,-248
1116212,34.37,-15684,-5280,-348
1116229,34.35,-15032,-5412,-160
1116246,35.16,-13844,-5260,-360
1116263,34.63,-14732,-5852,-208
1116280,35.43,-13860,-5640,-316
1116297,35.69,-13292,-5740,-12
1116314,35.95,-12704,-5312,-36
1116331,36.22,-13676,-6196,-452
1116348,37.13,-13188,-5856,-220
1116365,36.43,-11840,-5492,-232
1116382,36.43,-12896,-6132,-376
1116399,36.43,-13192,-5892,-464
1116416,35.95,-12736,-5692,-524
1116433,36.67,-13292,-5944,-356
1116450,35.69,-12968,-5772,-216
1116467,35.95,-13244,-5636,-392
1116484,35.67,-14004,-5668,-460
1116501,35.41,-13940,-5532,-428
1116518,34.63,-14180,-5436,-392
1116535,34.63,-14596,-5316,-448
1116552,33.84,-14952,-5240,-448
1116569,34.37,-15360,-4800,-436
1116586,33.05,-15848,-4708,-572
1116603,33.07,-16184,-4444,-452
1116620,32.26,-16624,-4084,-376
1116637,32.26,-16872,-3688,-508
1116654,31.49,-17244,-3412,-576
1116671,32.00,-17704,-3068,-504
1116688,31.20,-18040,-2512,-520
1116705,30.94,-18268,-2120,-572
1116722,30.68,-18536,-1620,-652
1116739,30.42,-18580,-1064,-568
1116756,29.89,-18708,-508,-640
1116773,29.88,-18852,112,-340
1116790,30.68,-19008,472,-504
1116807,30.66,-18688,1120,-488
1116824,29.89,-18820,1564,-456
1116841,30.42,-18928,2216,-556
1116858,30.15,-18504,2696,-460
1116875,30.42,-18112,3132,-604
1116892,30.66,-17924,3672,-328
1116909,30.94,-17444,4012,-556
1116926,31.74,-17200,4448,-328
1116943,32.52,-17660,4860,-448
1116960,32.53,-15912,4964,-420
1116977,32.52,-14208,4576,-1148
1116994,33.32,-17748,6312,-624
1117011,33.31,-15556,5896,-204
1117028,34.63,-12200,4844,-432
1117045,34.09,-16580,6932,-1308
1117062,34.88,-13736,6436,-756
1117079,35.67,-11952,5540,-344
1117096,35.14,-15124,7096,-968
1117113,35.40,-12908,6540,-848
1117130,36.44,-12048,6292,-376
1117147,36.20,-13600,6980,-636
1117164,35.95,-12280,6372,-820
1117181,36.43,-12664,6872,-756
1117198,36.41,-12292,6508,-756
1117215,36.44,-12412,6512,-728
1117232,35.95,-13244,7012,-816
1117249,36.20,-12032,6464,-576
1117266,35.67,-12988,6704,-624
1117283,36.67,-13392,6700,-672
1117300,35.67,-12816,6528,-584
1117317,34.88,-13692,6732,-692
1117334,35.41,-13860,6412,-668
1117351,34.63,-14156,6284,-652
1117368,33.84,-14572,6212,-560
1117385,33.85,-14992,6016,-708
1117402,33.05,-15364,5820,-544
1117419,33.05,-15784,5632,-488
1117436,32.26,-16072,5408,-736
1117453,32.24,-16668,5048,-716
1117470,31.47,-17088,4756,-864
1117487,31.47,-17188,4304,-592
1117504,31.21,-17696,3852,-596
1117521,30.94,-18148,3368,-920
1117538,30.66,-18192,2876,-740
1117555,30.94,-18532,2400,-892
1117572,30.42,-18884,1636,-708
1117589,29.89,-18756,1232,-632
1117606,29.89,-18768,612,-664
1117623,29.88,-18940,-8,-664
1117640,29.89,-18928,-584,-624
1117657,30.41,-18544,-1084,-648
1117674,30.15,-18508,-1628,-544
1117691,30.42,-18364,-2212,-580
1117708,30.68,-17840,-2544,-680
1117725,30.94,-17636,-3064,-488
1117742,31.73,-17364,-3560,-420
1117759,32.52,-16948,-3956,-420
1117776,32.00,-16508,-4172,-524
1117793,32.79,-16052,-4484,-236
1117810,32.77,-15612,-4672,-308
1117827,33.58,-15812,-4936,-488
1117844,33.58,-15732,-5384,-432
1117861,34.37,-14028,-5192,-220
1117878,34.64,-14276,-5356,-344
1117895,35.43,-13456,-5420,-284
1117912,35.69,-13852,-5704,-344
1117929,35.95,-13720,-5696,-340
1117946,35.69,-12656,-5480,-176
1117963,35.41,-13088,-5888,-508
1117980,35.95,-13368,-5800,-312
1117997,36.44,-12968,-5628,-576
1118014,36.44,-13300,-5788,-420
1118031,35.95,-13028,-5692,-324
1118048,35.93,-13008,-5508,-228
1118065,36.20,-13560,-5676,-440
1118082,35.16,-13612,-5600,-428
1118099,34.88,-13584,-5392,-456
1118116,34.63,-14008,-5380,-408
1118133,34.35,-14384,-5400,-456
1118150,34.88,-14636,-5096,-480
1118167,34.09,-15028,-4976,-288
1118184,33.31,-15416,-4744,-368
1118201,33.31,-15680,-4536,-356
1118218,32.52,-16164,-4200,-404
1118235,32.50,-16560,-3960,-412
1118252,31.74,-16948,-3676,-468
1118269,32.28,-17012,-3256,-404
1118286,31.47,-17264,-2832,-532
1118303,31.21,-17988,-2536,-496
1118320,30.96,-18080,-2068,-240
1118337,30.68,-18096,-1508,-420
1118354,30.96,-18448,-968,-540
1118371,30.41,-18684,-624,-540
1118388,30.68,-18560,-32,-540
1118405,30.68,-18684,496,-352
1118422,30.68,-18760,968,-480
1118439,29.89,-18724,1428,-476
1118456,30.42,-18640,2060,-324
1118473,30.15,-18364,2632,-432
1118490,31.21,-18048,3012,-304
1118507,30.94,-17928,3444,-508
1118524,31.73,-17188,3940,-480
1118541,32.00,-17732,4200,-240
1118558,31.47,-18016,4588,-1020
1118575,32.26,-15628,4784,-1076
1118592,32.26,-16632,5068,-1036
1118609,33.05,-16352,5688,-568
1118626,33.03,-13832,5224,-548
1118643,33.84,-15180,5924,-944
1118660,34.63,-15544,6360,-836
1118677,34.11,-13296,5828,-612
1118694,34.90,-13936,6188,-728
1118711,35.14,-13908,6448,-784
1118728,35.43,-13004,6184,-784
1118745,35.67,-13396,6436,-660
1118762,35.43,-12672,6184,-604
1118779,35.96,-13032,6608,-700
1118796,36.46,-12824,6488,-836
1118813,35.67,-12408,6412,-752
1118830,36.43,-13044,6580,-856
1118847,35.95,-12672,6396,-648
1118864,36.67,-12832,6492,-760
1118881,35.69,-13156,6588,-780
1118898,35.14,-13068,6388,-856
1118915,34.88,-13532,6368,-716
1118932,34.63,-13488,6292,-680
1118949,35.17,-13816,6212,-672
1118966,34.39,-14392,6148,-648
1118983,34.11,-14612,5960,-880
1119000,34.13,-14892,5744,-744
1119017,33.29,-15280,5620,-736
1119034,32.52,-15840,5396,-692
1119051,32.52,-16184,5116,-720
1119068,31.71,-16380,4992,-760
1119085,32.26,-16760,4476,-760
1119102,31.45,-17308,4156,-772
1119119,31.20,-17656,3672,-968
1119136,30.92,-17676,3284,-884
1119153,30.66,-18112,2808,-792
1119170,30.13,-18356,2216,-820
1119187,30.41,-18436,1712,-756
1119204,29.88,-18536,1168,-776
1119221,29.89,-18736,708,-740
1119238,29.88,-18652,32,-744
1119255,29.88,-18624,-336,-828
1119272,30.42,-18436,-956,-648
1119289,30.15,-18376,-1352,-612
1119306,31.20,-18200,-2076,-540
1119323,31.45,-17812,-2428,-520
1119340,31.74,-17684,-2772,-596
1119357,31.98,-17464,-3400,-460
1119374,31.47,-16772,-3660,-508
1119391,32.26,-16528,-3984,-364
1119408,33.03,-16104,-4312,-256
1119425,32.52,-15640,-4468,-540
1119442,33.31,-14412,-4572,-340
1119459,34.09,-16184,-5076,-868
1119476,33.56,-15680,-5308,-508
1119493,34.35,-13248,-4840,-212
1119510,34.63,-14132,-5264,-348
1119527,34.88,-14512,-5660,-340
1119544,35.14,-13368,-5256,-332
1119561,34.88,-13544,-5512,-256
1119578,35.41,-13648,-5600,-344
1119595,35.16,-12996,-5356,-220
1119612,35.14,-13364,-5520,-284
1119629,35.67,-13276,-5528,-468
1119646,35.16,-13208,-5504,-280
1119663,35.93,-13520,-5612,-280
1119680,35.43,-13360,-5472,-256
1119697,35.16,-13592,-5212,-256
1119714,35.41,-14092,-5384,-220
1119731,35.16,-13984,-5248,-328
1119748,34.90,-14268,-5056,-152
1119765,34.63,-14796,-5000,-268
1119782,33.82,-15024,-4852,-412
1119799,33.05,-15384,-4600,-244
1119816,33.58,-15672,-4396,-244
1119833,32.79,-16012,-4052,-376
1119850,31.98,-16356,-3764,-352
1119867,32.52,-16644,-3536,-280
1119884,31.73,-16944,-3076,-468
1119901,31.47,-17280,-2704,-180
1119918,30.68,-17708,-2428,-408
1119935,30.92,-17748,-1880,-416
1119952,30.68,-18164,-1504,-248
1119969,30.92,-18408,-1112,-224
1119986,30.41,-18224,-532,-532
1120003,29.88,-18524,-24,-336
1120020,30.68,-18576,444,-412
1120037,30.68,-18360,936,-448
1120054,29.89,-18412,1452,-560
1120071,30.42,-18548,2024,-468
1120088,30.13,-17904,2308,-568
1120105,30.66,-17900,2908,-596
1120122,30.94,-17756,3308,-660
1120139,31.20,-17204,3684,-648
1120156,31.47,-16856,3984,-876
1120173,31.73,-16756,4504,-548
1120190,31.73,-17020,4768,-756
1120207,32.52,-15536,4804,-644
1120224,33.31,-15488,5268,-716
1120241,32.79,-15608,5600,-864
1120258,33.58,-14808,5496,-860
1120275,34.37,-14800,5828,-808
1120292,33.84,-13920,5896,-660
1120309,34.11,-13892,5920,-852
1120326,34.39,-14108,6136,-908
1120343,34.63,-13072,6076,-760
1120360,35.69,-13216,6316,-908
1120377,35.43,-13324,6364,-656
1120394,35.16,-12940,6332,-852
1120411,35.69,-12848,6392,-800
1120428,35.69,-12896,6352,-752
1120445,35.69,-13052,6372,-868
1120462,35.69,-12944,6356,-688
1120479,35.95,-12860,6348,-732
1120496,35.43,-13152,6376,-848
1120513,35.67,-13424,6232,-864
1120530,34.61,-13448,6208,-856
1120547,34.37,-13812,6240,-872
1120564,34.88,-14000,5972,-820
1120581,34.63,-14380,5976,-724
1120598,33.84,-14628,5848,-916
1120615,33.05,-15116,5592,-764
1120632,33.58,-15332,5432,-880
1120649,32.79,-15708,5280,-968
1120666,32.00,-16100,5016,-808
1120683,32.53,-16564,4688,-972
1120700,31.73,-16780,4404,-872
1120717,31.45,-16944,4068,-808
1120734,31.21,-17480,3588,-928
1120751,30.94,-17828,3292,-900
1120768,30.68,-17900,2748,-700
1120785,30.94,-17968,2192,-800
1120802,30.42,-18472,1740,-868
1120819,29.89,-18416,1296,-896
1120836,29.88,-18276,644,-796
1120853,29.89,-18512,144,-784
1120870,29.89,-18584,-404,-740
1120887,30.41,-18344,-884,-864
1120904,30.15,-18124,-1392,-620
1120921,30.70,-17948,-1780,-732
1120938,30.94,-17924,-2352,-584
1120955,31.21,-17540,-2672,-704
1120972,31.47,-17132,-3188,-492
1120989,31.73,-17164,-3524,-568
1121006,32.53,-16232,-3848,-580
1121023,32.00,-16384,-4128,-380
1121040,32.79,-15668,-4268,-388
1121057,33.58,-15508,-4484,-500
1121074,33.05,-15076,-4824,0
1121091,33.31,-15252,-5344,-268
1121108,34.09,-14316,-4924,-416
1121125,34.37,-13756,-4988,-280
1121142,34.63,-14684,-5484,-388
1121159,34.39,-13664,-5176,-116
1121176,35.43,-13324,-5236,-248
1121193,34.64,-13852,-5484,-244
1121210,35.16,-13332,-5308,-204
1121227,35.69,-13468,-5368,-308
1121244,35.69,-13612,-5416,-228
1121261,35.67,-13200,-5244,-280
1121278,35.16,-13676,-5396,-180
1121295,35.43,-13412,-5244,-316
1121312,34.90,-14188,-5352,-236
1121329,34.64,-13756,-5076,-128
1121346,34.92,-14140,-5008,-136
1121363,34.64,-14892,-5136,-128
1121380,33.85,-14568,-4724,-68
1121397,33.58,-14984,-4572,-204
1121414,33.31,-15764,-4528,-192
1121431,32.52,-15576,-4228,-196
1121448,33.07,-15876,-3888,-376
1121465,32.26,-16412,-3632,-256
1121482,32.02,-16668,-3408,-228
1121499,31.21,-16744,-2864,-240
1121516,30.96,-17200,-2660,-312
1121533,30.68,-17568,-2164,-416
1121550,30.41,-17724,-1788,-380
1121567,30.66,-17956,-1352,-376
1121584,30.42,-17940,-864,-332
1121601,29.91,-18240,-540,-356
1121618,30.68,-18292,-104,-512
1121635,30.68,-18184,564,-420
1121652,30.68,-18312,972,-336
1121669,29.89,-18296,1404,-556
1121686,30.42,-18100,1960,-564
1121703,30.94,-17928,2360,-568
1121720,30.68,-17676,2920,-628
1121737,30.41,-17528,3248,-612
1121754,30.68,-17224,3644,-580
1121771,30.94,-16900,3968,-692
1121788,31.73,-16276,4224,-456
1121805,32.00,-16880,4536,-636
1121822,32.79,-16044,4900,-776
1121839,32.26,-15464,5000,-788
1121856,33.05,-15648,5328,-856
1121873,33.85,-14752,5472,-884
1121890,33.32,-14768,5680,-832
1121907,33.58,-14292,5764,-848
1121924,33.85,-13880,5772,-888
1121941,34.11,-14004,6052,-900
1121958,34.37,-13420,5924,-608
1121975,35.43,-13364,6084,-896
1121992,35.16,-13356,6180,-940
1122009,35.71,-13044,6060,-876
1122026,34.90,-13076,6124,-784
1122043,36.22,-13080,6196,-836
1122060,34.90,-12916,6232,-796
1122077,34.90,-13148,6272,-832
1122094,35.14,-13184,6108,-744
1122111,34.64,-13416,6212,-896
1122128,34.90,-13320,6216,-924
1122145,35.16,-13692,5932,-812
1122162,34.90,-13912,5920,-864
1122179,34.64,-14012,5960,-792
1122196,34.37,-14400,5796,-872
1122213,33.58,-14804,5700,-852
1122230,33.32,-15124,5480,-988
1122247,32.53,-15244,5372,-912
1122264,33.07,-15780,5168,-1028
1122281,32.28,-16216,4716,-968
1122298,31.49,-16400,4636,-900
1122315,31.23,-16640,4300,-996
1122332,30.96,-16984,3784,-980
1122349,30.68,-17356,3444,-956
1122366,30.42,-17488,3028,-1012
1122383,30.70,-17764,2660,-892
1122400,30.96,-17992,2152,-900
1122417,30.42,-18228,1604,-900
1122434,29.89,-18060,1188,-800
1122451,29.89,-18376,596,-768
1122468,29.89,-18256,68,-812
1122485,29.89,-18184,-236,-732
1122502,30.42,-18152,-856,-728
1122519,30.96,-18192,-1384,-892
1122536,30.68,-17728,-1788,-664
1122553,30.94,-17452,-2296,-524
1122570,30.68,-17472,-2712,-508
1122587,30.94,-17216,-3092,-620
1122604,31.74,-16632,-3364,-544
1122621,32.00,-16424,-3720,-412
1122638,32.28,-16240,-4072,-564
1122655,33.07,-15720,-4164,-396
1122672,32.55,-15504,-4400,-396
1122689,34.09,-14332,-4492,-344
1122706,33.58,-15792,-4904,-720
1122723,33.85,-15200,-5016,-476
1122740,34.11,-13520,-4732,-372
1122757,33.85,-14672,-5104,-316
1122774,34.92,-14288,-5224,-188
1122791,34.64,-13312,-4980,-368
1122808,34.37,-13844,-5268,-92
1122825,34.90,-13856,-5304,-224
1122842,34.90,-13344,-5164,-152
1122859,34.90,-13704,-5372,-112
1122876,34.90,-13676,-5104,40
1122893,34.37,-13628,-5128,36
1122910,35.17,-14008,-5236,-228
1122927,34.11,-13704,-5028,-260
1122944,34.37,-14092,-4964,-84
1122961,34.09,-14420,-4896,-188
1122978,34.37,-14508,-4740,-136
1122995,33.58,-14908,-4564,-176
1123012,33.32,-15236,-4476,-56
1123029,33.07,-15408,-4224,-132
1123046,32.79,-15688,-3956,-148
1123063,32.00,-16188,-3716,-88
1123080,31.74,-16288,-3580,-64
1123097,32.26,-16556,-3104,-88
1123114,31.49,-16888,-2840,-172
1123131,31.20,-17260,-2572,-268
1123148,31.47,-17384,-2012,-144
1123165,31.21,-17636,-1576,-40
1123182,30.15,-17916,-1348,-240
