1142391,44.42,-15444,632,-588
1142409,44.83,-15464,524,-640
1142427,45.24,-15696,540,-672
1142444,43.41,-15740,488,-380
1142461,43.00,-15796,304,-300
1142478,42.98,-15872,224,-516
1142495,42.98,-15920,312,-648
1142512,42.98,-15684,232,-728
1142529,42.98,-15860,88,-808
1142546,42.51,-16052,44,-520
1142563,42.53,-15936,212,-100
1142580,43.00,-15816,208,-192
1142597,43.00,-15872,416,-188
1142614,43.00,-15748,468,-156
1142631,42.98,-15656,1024,-288
1142648,43.41,-15508,1472,-736
1142666,44.83,-14076,3472,-652
1142683,43.41,-12104,6344,176
1142700,42.50,-9724,6204,4444
1142717,42.27,-11440,8908,-1136
1142734,42.03,-8296,6832,-460
1142751,40.89,-11564,8560,-292
1142768,40.41,-11612,8452,-392
1142785,39.48,-9856,7308,-116
1142802,39.72,-12848,8844,-732
1142819,39.48,-13220,8292,-876
1142836,38.78,-12516,7968,-436
1142853,37.61,-13976,8380,-604
1142870,36.44,-14748,7976,-836
1142887,36.22,-15940,8024,-908
1142904,35.43,-15736,7464,-468
1142921,34.64,-16680,7220,-664
1142938,34.37,-18468,7020,-968
1142955,32.79,-18328,6408,-528
1142972,32.55,-18692,5828,-644
1142989,32.00,-20284,5400,-820
1143006,31.47,-20544,4596,-704
1143023,30.96,-20568,3772,-516
1143040,30.70,-21260,3040,-648
1143057,30.42,-21516,2208,-620
1143074,29.89,-21632,1276,-688
1143091,30.70,-21684,444,-644
1143108,29.89,-21648,-424,-632
1143125,30.42,-21572,-1152,-548
1143142,30.70,-21092,-2104,-344
1143159,31.49,-20600,-2900,-388
1143176,31.47,-20404,-3476,-428
1143193,32.00,-19816,-4132,-296
1143210,32.52,-19232,-4948,-392
1143227,32.79,-18500,-5384,-464
1143244,33.84,-17628,-5556,-384
1143261,34.64,-17260,-6184,-372
1143278,34.90,-16532,-6524,-140
1143295,35.69,-16012,-6792,-264
1143312,37.63,-14992,-6760,-432
1143329,36.68,-14048,-6880,-372
1143346,37.85,-13988,-7192,-328
1143363,39.24,-13080,-7152,-380
1143380,39.02,-12440,-6960,-280
1143397,39.94,-12168,-7104,-212
1143414,40.42,-11692,-7012,-220
1143431,40.42,-11376,-6828,-272
1143448,41.11,-11304,-7148,-196
1143465,41.33,-10856,-6916,-192
1143482,42.27,-10852,-6932,-228
1143499,40.65,-10860,-6896,-192
1143516,41.81,-10904,-6880,-164
1143533,40.42,-10936,-6904,-256
1143550,40.18,-11368,-7100,-256
1143567,40.65,-11500,-7036,-324
1143584,40.65,-11928,-7052,-320
1143601,40.18,-12228,-7120,-252
1143618,38.78,-12836,-7052,-372
1143635,39.02,-13216,-7120,-400
1143652,37.16,-13824,-6960,-368
1143669,36.46,-14584,-6940,-472
1143686,36.92,-15260,-6956,-580
1143703,35.41,-15836,-6636,-664
1143720,34.63,-16556,-6344,-568
1143737,34.37,-17248,-6168,-744
1143754,34.13,-18020,-5772,-816
1143771,33.05,-18600,-5120,-860
1143788,32.00,-19388,-4596,-980
1143805,32.28,-19920,-3908,-1116
1143822,30.96,-20444,-3224,-1172
1143839,30.96,-20700,-2432,-1140
1143856,30.17,-20900,-1592,-996
1143873,30.42,-21056,-828,-1080
1143890,30.68,-21872,-64,-1100
1143907,30.70,-21792,932,-1040
1143924,29.89,-21100,1684,-668
1143941,30.42,-21148,2560,-752
1143958,30.68,-20816,3364,-824
1143975,31.49,-20800,4224,-788
1143992,31.47,-19000,4444,-472
1144009,32.00,-19980,5564,-720
1144026,32.53,-19692,6320,-656
1144043,32.81,-17444,6208,-444
1144060,33.85,-17840,7176,-380
1144077,34.11,-16920,7536,-524
1144094,34.90,-15632,7468,-396
1144111,36.43,-10272,5436,-3128
1144128,36.67,-17288,10332,-444
1144145,37.37,-15752,9432,-2072
1144162,38.07,-8540,5092,152
1144179,37.83,-15164,10068,-320
1144196,39.70,-12924,8748,-696
1144213,39.00,-8612,6392,-272
1144230,39.48,-12988,9312,-828
1144247,40.65,-11024,8040,-676
1144264,41.33,-9324,7272,-600
1144281,41.57,-11340,8804,-664
1144298,40.87,-9568,7560,-484
1144315,41.35,-9964,7684,-492
1144332,40.87,-11028,8572,-604
1144349,41.57,-9428,7340,-308
1144366,41.33,-10844,8232,-644
1144383,40.18,-11052,8192,-740
1144400,40.63,-10636,7732,-672
1144417,40.18,-11964,8360,-676
1144434,39.24,-11648,7892,-528
1144451,37.85,-12680,8304,-620
1144468,37.61,-13380,8124,-696
1144485,36.91,-13560,7792,-656
1144502,36.22,-14708,8056,-720
1144519,35.95,-15204,7776,-660
1144536,35.69,-15760,7428,-792
1144553,34.11,-16908,7260,-776
1144570,33.82,-17512,6920,-784
1144587,33.58,-18084,6308,-788
1144604,32.53,-19028,5860,-708
1144621,31.98,-19332,5208,-768
1144638,31.45,-19996,4576,-856
1144655,31.45,-20644,3808,-952
1144672,30.68,-20812,3080,-716
1144689,30.41,-21048,2308,-668
1144706,29.89,-21396,1456,-620
1144723,30.68,-21404,604,-808
1144740,30.68,-21308,-224,-656
1144757,30.42,-21216,-1196,-748
1144774,30.17,-21080,-1936,-732
1144791,30.94,-20660,-2640,-656
1144808,31.21,-20168,-3376,-604
1144825,31.74,-19656,-4084,-432
1144842,32.28,-19252,-4512,-468
1144859,33.32,-18368,-5216,-396
1144876,33.05,-17324,-5336,-312
1144893,34.11,-16080,-5844,-912
1144910,34.37,-17572,-6532,-404
1144927,35.95,-15532,-6440,-320
1144944,36.22,-14276,-6472,-436
1144961,36.44,-15172,-7124,-472
1144978,36.67,-13972,-6940,-488
1144995,38.07,-13116,-6904,-304
1145012,37.83,-13004,-7060,-272
1145029,38.79,-12424,-6984,-168
1145046,38.78,-11904,-6804,-168
1145063,39.96,-11460,-6932,-392
1145080,41.13,-11612,-6908,-288
1145097,40.89,-11400,-6972,-296
1145114,40.65,-11244,-6676,-196
1145131,41.11,-11136,-6808,-192
1145148,40.63,-11028,-6868,-124
1145165,41.33,-11248,-6868,-316
1145182,39.94,-11576,-6792,-256
1145199,40.41,-11892,-6936,-248
1145216,39.26,-12052,-6732,-52
1145233,38.78,-12364,-6788,-344
1145250,37.85,-13072,-6736,-260
1145267,38.09,-13644,-6856,-352
1145284,36.68,-14032,-6676,-332
1145301,36.44,-14476,-6580,-208
1145318,36.20,-15224,-6416,-324
1145335,35.96,-15932,-6380,-544
1145352,35.71,-16440,-5864,-508
1145369,34.11,-17148,-5656,-484
1145386,33.07,-17992,-5204,-436
1145403,33.34,-18452,-4884,-616
1145420,32.26,-18996,-4400,-704
1145437,31.74,-19488,-3716,-684
1145454,31.74,-20060,-3152,-804
1145471,30.96,-20200,-2376,-880
1145488,30.17,-20556,-1680,-908
1145505,30.42,-21224,-936,-992
1145522,30.70,-21208,-232,-1048
1145539,30.68,-20932,724,-896
1145556,30.70,-20808,1448,-940
1145573,30.42,-20928,2196,-820
1145590,30.17,-20452,2964,-932
1145607,30.96,-20076,3716,-812
1145624,31.74,-19500,4312,-828
1145641,31.74,-20244,5124,-904
1145658,32.77,-19452,5692,-828
1145675,32.52,-16992,5792,-640
1145692,33.56,-17580,6512,-568
1145709,34.61,-17200,6928,-684
1145726,34.88,-15632,6928,-524
1145743,35.95,-15692,7488,-520
1145760,36.22,-14792,7468,-400
1145777,36.43,-13768,7564,-340
1145794,36.67,-13616,7880,-508
1145811,38.06,-12288,7168,-272
1145828,38.98,-14352,9380,100
1145845,39.91,-11000,7544,-404
1145862,39.93,-9304,6308,-1112
1145879,39.46,-14848,9728,-1440
1145896,40.15,-9388,6916,-176
1145913,39.93,-8888,6648,-392
1145930,41.33,-12788,9248,-796
1145947,39.69,-9808,6892,-428
1145964,39.69,-10236,7672,-528
1145981,40.41,-11336,8508,-700
1145998,40.61,-9996,7096,-648
1146015,39.93,-11880,8296,-836
1146032,38.74,-11096,7968,-560
1146049,38.76,-11144,7572,-584
1146066,37.82,-12828,8240,-720
1146083,38.54,-12368,7772,-808
1146100,37.13,-13068,7912,-852
1146117,36.89,-13944,7940,-776
1146134,35.93,-14360,7532,-724
1146151,35.69,-15056,7544,-884
1146168,35.41,-15692,7476,-700
1146185,34.37,-16348,7028,-796
1146202,34.09,-17344,6652,-796
1146219,33.03,-17768,6356,-900
1146236,32.00,-18372,5868,-736
1146253,31.47,-19272,5360,-876
1146270,31.47,-19544,4620,-848
1146287,31.47,-19944,3868,-904
1146304,30.66,-20624,3196,-800
1146321,30.42,-20768,2380,-808
1146338,29.89,-20868,1496,-916
1146355,30.68,-21100,756,-788
1146372,30.66,-21036,-148,-792
1146389,29.89,-20676,-808,-628
1146406,30.15,-20888,-1784,-488
1146423,30.41,-20552,-2472,-732
1146440,31.20,-19840,-3160,-608
1146457,31.20,-19300,-3748,-608
1146474,32.52,-19048,-4484,-456
1146491,32.26,-18208,-4960,-392
1146508,32.77,-17580,-5164,-448
1146525,33.84,-17216,-5928,-84
1146542,34.88,-17028,-6628,-124
1146559,35.16,-15504,-6212,-300
1146576,36.20,-14508,-6316,-168
1146593,35.95,-15112,-6828,-316
1146610,37.37,-13528,-6416,-204
1146627,37.13,-13908,-7104,-600
1146644,38.07,-13748,-7336,-204
1146661,38.55,-12196,-6796,-408
1146678,38.55,-11688,-6768,-148
1146695,39.69,-11708,-6776,-256
1146712,38.76,-11896,-6880,-336
1146729,40.17,-12064,-6864,-396
1146746,39.46,-11444,-6868,-172
1146763,39.93,-11212,-6772,-116
1146780,39.46,-11280,-6720,-320
1146797,40.17,-11680,-6764,-332
1146814,38.78,-12024,-6844,-412
1146831,39.69,-12028,-6740,-116
1146848,38.54,-12308,-6548,-172
1146865,38.54,-12892,-6796,-216
1146882,38.07,-13088,-6540,-148
1146899,37.15,-13616,-6468,-204
1146916,37.37,-14328,-6436,-316
1146933,36.43,-14704,-6220,-92
1146950,35.41,-15184,-6156,-376
1146967,35.14,-15860,-5868,-316
1146984,34.09,-16516,-5604,-284
1147001,34.35,-17108,-5160,-556
1147018,33.32,-17660,-4856,-544
1147035,32.26,-18408,-4460,-404
1147052,31.73,-18884,-4028,-648
1147069,31.21,-19104,-3460,-556
1147086,31.20,-19412,-2776,-584
1147103,30.41,-20100,-2256,-520
1147120,30.13,-20532,-1588,-596
1147137,30.41,-20552,-736,-632
1147154,30.68,-20724,-48,-548
1147171,30.66,-20820,784,-620
1147188,29.88,-20644,1544,-556
1147205,30.41,-20468,2196,-484
1147222,30.15,-20320,2788,-728
1147239,30.41,-19788,3528,-564
1147256,31.20,-19252,4160,-636
1147273,31.73,-17680,4424,-68
1147290,31.73,-19164,5412,-484
1147307,32.77,-18408,6032,-796
1147324,33.31,-16508,5980,-444
1147341,34.35,-17084,6624,-688
1147358,34.63,-15884,6620,-688
1147375,35.16,-14972,6936,-548
1147392,35.41,-15000,7396,-604
1147409,36.43,-13972,7264,-528
1147426,37.83,-13684,7452,-456
1147443,37.13,-13232,7588,-496
1147460,38.06,-12612,7508,-436
1147477,38.52,-10600,4536,536
1147494,38.54,-13684,8252,-468
1147511,38.76,-13136,8920,-1488
1147528,39.94,-7124,5084,240
1147545,39.70,-12616,8128,-1152
1147562,40.63,-13388,9008,-1344
1147579,39.44,-8240,6112,-372
1147596,38.98,-11264,7936,-708
1147613,39.22,-12352,8132,-960
1147630,39.91,-9912,6564,-532
1147647,38.76,-12252,8216,-576
1147664,38.06,-11400,7624,-548
1147681,38.06,-11448,7388,-704
1147698,37.59,-13580,8208,-856
1147715,37.13,-12296,7352,-736
1147732,37.83,-13152,7584,-892
1147749,36.43,-14552,7844,-880
1147766,35.41,-14276,7180,-764
1147783,35.67,-15276,7308,-788
1147800,34.63,-15668,7148,-856
1147817,33.58,-16300,6716,-872
1147834,33.84,-17144,6480,-952
1147851,33.31,-17520,5968,-984
1147868,32.26,-18084,5656,-980
1147885,31.73,-18928,5116,-1116
1147902,30.94,-19372,4404,-848
1147919,30.94,-19564,3736,-1012
1147936,30.68,-20156,3176,-748
1147953,30.42,-20472,2332,-812
1147970,29.89,-20516,1432,-732
1147987,30.68,-20668,864,-836
1148004,30.70,-20636,56,-848
1148021,29.89,-20520,-832,-884
1148038,30.94,-20552,-1724,-616
1148055,31.20,-20048,-2252,-628
1148072,30.66,-19824,-2896,-756
1148089,31.47,-19476,-3716,-544
1148106,32.00,-18840,-4144,-608
1148123,32.52,-18204,-4588,-456
1148140,33.03,-17512,-5152,-340
1148157,33.56,-16096,-5308,-396
1148174,34.61,-17700,-6068,-560
1148191,34.35,-16292,-6192,-460
1148208,35.41,-14552,-6020,-300
1148225,36.43,-15104,-6704,-196
1148242,36.19,-14028,-6556,-124
1148259,36.65,-13188,-6484,-76
1148276,37.13,-13384,-6892,-124
1148293,37.13,-12612,-6660,-204
1148310,38.76,-12372,-6648,-256
1148327,37.83,-11996,-6484,-76
1148344,38.54,-12976,-7136,-232
1148361,38.30,-11952,-6960,-232
1148378,39.20,-10644,-6288,96
1148395,39.22,-11116,-6628,-32
1148412,38.78,-11772,-6652,-336
1148429,39.46,-12496,-6776,-432
1148446,38.06,-12444,-6776,-464
1148463,39.00,-11960,-6696,-184
1148480,37.83,-12208,-6448,12
1148497,38.30,-13120,-6548,-208
1148514,37.85,-13644,-6456,-324
1148531,36.91,-13960,-6384,-308
1148548,36.43,-13988,-6312,-80
1148565,36.67,-14872,-6132,-368
1148582,34.88,-15688,-5924,-520
1148599,35.16,-15868,-5680,-420
1148616,34.09,-16536,-5344,-236
1148633,33.58,-17300,-5024,-192
1148650,32.52,-17464,-4560,-332
1148667,32.00,-18204,-4128,-512
1148684,32.00,-18584,-3572,-396
1148701,31.47,-18860,-3072,-412
1148718,30.66,-19508,-2396,-428
1148735,31.20,-20188,-1924,-364
1148752,30.15,-19916,-1208,-332
1148769,29.88,-20228,-564,-304
1148786,30.68,-20212,252,-308
1148803,30.66,-20240,972,-348
1148820,29.88,-20288,1608,-552
1148837,30.41,-20136,2324,-432
1148854,30.15,-19632,2976,-416
1148871,30.42,-19556,3512,-500
1148888,31.21,-19084,4288,-360
1148905,31.20,-17784,4524,-392
1148922,32.52,-19588,5504,-960
1148939,33.05,-19096,6020,-1108
1148956,32.77,-15684,5524,-572
1148973,33.29,-16660,6532,-504
1148990,34.35,-16296,6604,-668
1149007,34.88,-14948,6492,-548
1149024,35.95,-15008,7144,-420
1149041,35.67,-13840,7028,-536
1149058,36.20,-13668,7248,-644
1149075,37.13,-13536,7444,-604
1149092,37.59,-12408,7224,-432
1149109,37.59,-12340,7360,-656
1149126,39.22,-10360,6088,-1332
1149143,38.30,-14304,8960,-924
1149160,38.52,-12380,8372,-1244
1149177,39.93,-7516,4764,-672
1149194,38.76,-14800,9148,-1404
1149211,38.76,-11588,7568,-1008
1149228,38.30,-8420,5764,-288
1149245,38.98,-13552,8640,-1032
1149262,39.22,-11480,7076,-760
1149279,38.52,-10900,6920,-640
1149296,37.37,-13168,8088,-900
1149313,37.83,-11748,6912,-820
1149330,37.35,-13152,7476,-932
1149347,36.89,-13812,7776,-788
1149364,36.43,-12784,6804,-684
1149381,35.93,-14912,7508,-1248
1149398,34.88,-14740,7080,-912
1149415,34.35,-14916,6744,-716
1149432,34.61,-16252,6792,-1020
1149449,34.08,-16564,6352,-956
1149466,33.05,-17124,5948,-976
1149483,32.52,-17744,5484,-1000
1149500,32.52,-18008,5216,-1020
1149517,31.20,-18660,4620,-984
1149534,31.20,-19188,4144,-884
1149551,30.94,-19408,3372,-864
1149568,30.68,-19728,2912,-1028
1149585,30.41,-20000,2152,-924
1149602,29.88,-20172,1372,-896
1149619,29.89,-20376,800,-848
1149636,29.89,-20104,-60,-812
1149653,30.41,-20172,-948,-824
1149670,30.15,-20120,-1596,-604
1149687,30.42,-19664,-2264,-524
1149704,30.68,-19352,-2908,-460
1149721,31.47,-19072,-3440,-324
1149738,31.49,-18588,-4096,-544
1149755,32.00,-18048,-4484,-324
1149772,32.52,-17360,-4968,-260
1149789,33.05,-16856,-5220,-420
1149806,33.58,-15736,-5340,88
1149823,34.63,-16320,-6172,-128
1149840,35.16,-15384,-6140,-64
1149857,35.69,-13832,-5944,28
1149874,36.20,-14832,-6672,-264
1149891,36.20,-13444,-6272,52
1149908,36.65,-12752,-6236,-104
1149925,36.67,-13248,-6740,-92
1149942,37.83,-12364,-6460,-144
1149959,38.52,-12188,-6436,-136
1149976,38.30,-11564,-6068,-424
1149993,38.07,-12796,-7028,-36
1150010,38.98,-12216,-6728,-128
1150027,39.00,-11004,-6112,120
1150044,38.54,-11528,-6436,0
1150061,37.59,-12388,-6612,-288
1150078,37.37,-12900,-6536,-552
1150095,37.11,-12876,-6524,-292
1150112,37.61,-12432,-6360,-240
1150129,36.43,-12704,-6232,-184
1150146,36.44,-13992,-6364,-176
1150163,35.95,-14568,-6356,-376
1150180,35.41,-14504,-5972,-72
1150197,34.88,-14896,-5868,76
1150214,34.37,-15656,-5808,-176
1150231,33.85,-16212,-5304,-552
1150248,34.09,-16660,-5056,-272
1150265,33.58,-17276,-4552,-368
1150282,33.07,-17728,-4304,-296
1150299,31.73,-18100,-3908,-296
1150316,31.73,-18436,-3232,-148
1150333,31.74,-18944,-2728,-32
1150350,30.96,-19432,-2084,-500
1150367,30.68,-19856,-1616,-316
1150384,30.41,-19712,-916,-344
1150401,29.88,-20088,-256,-296
1150418,30.66,-20024,536,-384
1150435,30.66,-19972,1084,-396
1150452,29.89,-20280,1836,-268
1150469,30.41,-20000,2508,-424
1150486,30.66,-19228,3028,-420
1150503,30.96,-19160,3656,-260
1150520,31.21,-18996,4176,-592
1150537,31.21,-17848,4712,-492
1150554,32.52,-18672,5484,-552
1150571,32.52,-18072,5660,-440
1150588,33.56,-15948,5556,-180
1150605,34.09,-16416,6320,-364
1150622,34.63,-16088,6636,-448
1150639,35.14,-14684,6520,-452
1150656,34.88,-15040,7024,-424
1150673,36.20,-13968,6924,-608
1150690,37.13,-13708,6960,-648
1150707,37.61,-13328,7100,-676
1150724,37.13,-13816,7576,-524
1150741,37.13,-14548,8568,-1300
1150758,38.30,-9068,5736,-272
1150775,38.98,-12052,7008,-1040
1150792,38.76,-14376,8720,-1468
1150809,38.07,-9456,6152,-612
1150826,38.98,-11212,7124,-740
1150843,39.00,-13372,8144,-1464
1150860,38.54,-10484,6376,-928
1150877,38.78,-11796,7400,-720
1150894,39.00,-12124,7280,-740
1150911,38.30,-11664,6872,-976
1150928,37.59,-13280,7684,-908
1150945,37.59,-12028,6724,-784
1150962,36.43,-13180,7128,-1172
1150979,35.95,-14148,7272,-1168
1150996,35.41,-13420,6684,-784
1151013,36.20,-14760,6992,-976
1151030,34.37,-15236,6672,-940
1151047,33.84,-15256,6456,-840
1151064,33.31,-16328,6236,-888
1151081,32.79,-16528,5788,-888
1151098,32.26,-17208,5536,-964
1151115,32.26,-17676,5244,-884
1151132,31.74,-17996,4700,-800
1151149,30.94,-18660,4176,-1000
1151166,31.47,-18992,3828,-1140
1151183,31.20,-19056,3180,-956
1151200,30.15,-19552,2436,-908
1151217,30.41,-19732,1684,-968
1151234,29.88,-19696,1040,-944
1151251,29.89,-19800,500,-568
1151268,29.88,-19932,-320,-740
1151285,30.41,-19756,-1000,-672
1151302,30.66,-19496,-1632,-604
1151319,30.41,-19324,-2344,-476
1151336,31.20,-18912,-2996,-444
1151353,31.98,-18556,-3340,-392
1151370,31.98,-18236,-4020,-376
1151387,31.98,-17680,-4364,-324
1151404,33.34,-17032,-4784,-40
1151421,33.84,-16624,-5064,-192
1151438,34.35,-15792,-5332,-196
1151455,34.37,-16388,-5704,-412
1151472,34.90,-15444,-5892,-56
1151489,35.41,-14036,-5848,-100
1151506,36.68,-14372,-6180,12
1151523,36.67,-13924,-6404,-132
1151540,36.67,-13020,-6084,-60
1151557,36.20,-13204,-6376,4
1151574,36.91,-12920,-6336,184
1151591,37.59,-13048,-6416,-20
1151608,37.37,-13032,-6468,-20
1151625,38.30,-12224,-6476,-128
1151642,37.11,-11476,-6072,120
1151659,37.13,-11604,-6028,-124
1151676,37.82,-13156,-6588,-412
1151693,36.89,-12820,-6360,-320
1151710,36.65,-12216,-6080,-208
1151727,36.44,-12628,-6308,-88
1151744,36.89,-13088,-6148,-164
1151761,36.19,-13804,-6120,-300
1151778,36.19,-14144,-6144,-256
1151795,35.67,-14136,-5848,-168
1151812,35.67,-14840,-5764,-56
1151829,34.35,-15612,-5592,-220
1151846,33.82,-15688,-5308,-248
1151863,33.31,-16280,-5088,-368
1151880,33.31,-16928,-4800,-304
1151897,32.79,-17180,-4316,-384
1151914,32.24,-17588,-3864,-396
1151931,31.47,-18360,-3616,-392
1151948,31.47,-18636,-2880,-244
1151965,30.68,-18564,-2344,-296
1151982,30.41,-19348,-1848,-408
1151999,30.15,-19648,-1252,-240
1152016,30.41,-19248,-552,-120
1152033,29.88,-19756,56,-256
1152050,30.66,-19740,692,-248
1152067,29.88,-19628,1388,-272
1152084,29.88,-19872,2188,-172
1152101,30.94,-19572,2604,-184
1152118,30.66,-18640,3120,-128
1152135,30.94,-18876,3748,-364
1152152,30.94,-18160,4332,-324
1152169,31.73,-16844,4468,-324
1152186,31.73,-18636,5312,-660
1152203,33.05,-17852,5884,-844
1152220,33.05,-15548,5508,-420
1152237,33.56,-16608,6348,-532
1152254,34.09,-15540,6300,-568
1152271,34.63,-14632,6404,-604
1152288,35.16,-14960,6868,-520
1152305,35.16,-13364,5104,-656
1152322,36.43,-16196,8684,-948
1152339,36.43,-15296,8280,-1080
1152356,36.43,-8336,4408,-1044
1152373,37.13,-16248,8620,-1604
1152390,37.83,-12780,7528,-760
1152407,38.07,-8924,5308,-316
1152424,37.83,-14268,8220,-1360
1152441,38.76,-11888,7036,-1180
1152458,37.59,-10436,6372,-844
1152475,37.15,-12940,7744,-968
1152492,38.30,-11072,6420,-840
1152509,36.91,-12264,7112,-1036
1152526,36.65,-12736,7404,-1144
1152543,36.43,-11416,6484,-728
1152560,36.91,-13516,7444,-1104
1152577,36.20,-12984,6876,-980
1152594,36.20,-12980,6456,-920
1152611,36.22,-14444,7056,-1136
1152628,34.90,-14048,6516,-1192
1152645,34.37,-15076,6640,-1068
1152662,33.84,-15196,6272,-1048
1152679,33.84,-15732,6148,-1112
1152696,33.32,-16648,5940,-1216
1152713,32.79,-16756,5508,-1168
1152730,32.77,-17312,5156,-1152
1152747,31.47,-17944,4668,-1124
1152764,31.47,-18092,4264,-1116
1152781,31.21,-18472,3632,-1064
1152798,30.42,-19168,3220,-964
1152815,30.68,-19040,2628,-1136
1152832,30.42,-19368,1972,-976
1152849,29.89,-19620,1224,-848
1152866,29.89,-19572,708,-668
1152883,29.89,-19520,28,-812
1152900,30.42,-19420,-608,-792
1152917,30.94,-19364,-1220,-672
1152934,30.68,-18956,-1832,-568
1152951,30.94,-18740,-2256,-556
1152968,31.20,-18580,-3016,-232
1152985,31.20,-18300,-3436,-280
1153002,32.00,-17660,-3900,-120
1153019,31.98,-17380,-4216,-12
1153036,32.52,-16912,-4700,-136
1153053,33.84,-16324,-4852,-148
1153070,33.84,-15492,-5288,-32
1153087,34.37,-15940,-5292,-108
1153104,34.37,-15544,-5856,-148
1153121,35.69,-13980,-5700,84
1153138,35.67,-14416,-5940,100
1153155,36.44,-14048,-6168,-92
1153172,35.95,-13040,-5528,-140
1153189,36.20,-14032,-6288,-188
1153206,36.91,-13060,-6192,-112
1153223,36.67,-11916,-5824,104
1153240,36.43,-12680,-6356,68
1153257,36.92,-12320,-6052,-20
1153274,37.37,-12760,-6044,-172
1153291,36.91,-13076,-6312,120
1153308,37.61,-12104,-5820,284
1153325,36.22,-12792,-6088,248
1153342,36.44,-13152,-6084,-8
1153359,36.20,-13252,-6008,-52
1153376,36.67,-13640,-5860,116
1153393,35.96,-13964,-5868,-36
1153410,35.95,-14224,-5748,60
1153427,34.64,-14824,-5632,-64
1153444,34.63,-15116,-5344,16
1153461,34.63,-15540,-5228,-12
1153478,33.31,-16012,-4988,-84
1153495,32.79,-16396,-4584,-232
1153512,32.79,-16956,-4372,-216
1153529,32.79,-17488,-3940,-256
1153546,31.47,-17684,-3384,-184
1153563,32.00,-18084,-3008,-176
1153580,31.21,-18444,-2480,-356
1153597,30.94,-18844,-2104,-248
1153614,30.66,-19400,-1384,-268
1153631,30.42,-19412,-796,-312
1153648,29.89,-19172,-224,-208
1153665,30.68,-19392,464,-392
1153682,30.68,-19204,940,-384
1153699,29.89,-19220,1488,-184
1153716,30.42,-19576,2284,-332
1153733,30.17,-19028,2712,-196
1153750,30.42,-18560,3308,-308
1153767,30.70,-18456,3924,-168
1153784,31.47,-17620,4316,-412
1153801,32.24,-17680,4780,-188
1153818,32.26,-18040,5348,-464
1153835,32.26,-16040,5332,-292
1153852,33.56,-16028,5732,-384
1153869,33.56,-16312,6104,-592
1153886,34.09,-15012,6072,-544
1153903,35.41,-14728,6408,-564
1153920,35.41,-11732,4664,-1648
1153937,35.41,-16620,8008,-996
1153954,35.41,-15648,7944,-1108
1153971,36.20,-8688,4656,-1192
1153988,36.91,-16400,8356,-1648
1154005,36.44,-13208,7168,-728
1154022,36.20,-9236,5332,-516
1154039,37.58,-14576,8140,-1556
1154056,36.89,-12464,6924,-1108
1154073,37.83,-10784,6160,-1048
1154090,37.83,-13284,7712,-1492
1154107,37.37,-11432,6520,-972
1154124,36.43,-12356,6824,-1036
1154141,36.67,-12724,7060,-1052
1154158,36.89,-11528,6380,-1036
1154175,36.20,-13564,7200,-1440
1154192,37.13,-13052,6688,-1036
1154209,35.95,-13144,6464,-1172
1154226,35.14,-14224,6888,-1356
1154243,35.14,-14012,6356,-1304
1154260,35.16,-14864,6444,-1224
1154277,33.84,-14968,6112,-1184
1154294,33.84,-15528,5912,-1288
1154311,33.32,-16436,5700,-1436
1154328,33.32,-16392,5328,-1148
1154345,31.98,-16780,4932,-1204
1154362,32.00,-17780,4648,-1348
1154379,31.21,-17636,4088,-1144
1154396,31.73,-18064,3712,-1220
1154413,30.94,-18732,3176,-1228
1154430,31.20,-18856,2656,-1180
1154447,30.15,-18940,2076,-1008
1154464,30.41,-19116,1512,-1044
1154481,29.89,-19252,828,-1108
1154498,29.89,-19336,140,-868
1154515,29.88,-19104,-412,-772
1154532,30.42,-19180,-976,-740
1154549,30.15,-19192,-1624,-608
1154566,30.41,-18792,-2272,-412
1154583,31.47,-18348,-2684,-384
1154600,30.92,-18160,-3088,-384
1154617,31.73,-17880,-3540,-308
1154634,32.52,-17332,-4016,-288
1154651,32.53,-16868,-4268,-148
1154668,32.53,-16564,-4716,-8
1154685,33.82,-16164,-5004,-48
1154702,33.84,-15008,-5136,-12
1154719,33.84,-16036,-5512,-136
1154736,34.63,-15088,-5472,-304
1154753,34.63,-14488,-5560,-108
1154770,35.45,-14476,-5952,32
1154787,36.20,-12852,-5600,16
1154804,36.44,-13412,-5808,12
1154821,36.68,-13708,-6008,-76
1154838,36.91,-12944,-5920,56
1154855,36.67,-12916,-6008,164
1154872,37.15,-12848,-5932,124
1154889,36.44,-12436,-5864,192
1154906,37.59,-12964,-6000,200
1154923,36.68,-13072,-5852,56
1154940,36.22,-12876,-5744,292
1154957,36.44,-13040,-5804,336
1154974,36.19,-13404,-5704,216
1154991,35.95,-13676,-5732,172
1155008,35.16,-13816,-5532,200
1155025,35.67,-14204,-5556,276
1155042,34.88,-14672,-5308,180
1155059,34.88,-15072,-5168,160
1155076,34.09,-15388,-4848,144
1155093,33.58,-15956,-4636,88
1155110,32.79,-16260,-4504,212
1155127,32.79,-16696,-4120,168
1155144,32.79,-17252,-3772,180
1155161,32.00,-17448,-3352,20
1155178,31.20,-17832,-2912,52
1155195,31.20,-17968,-2356,68
1155212,30.94,-18540,-1896,-132
1155229,30.66,-19020,-1548,-28
1155246,30.94,-18896,-1012,-4
1155263,30.41,-18956,-236,-200
1155280,29.89,-19152,268,-228
1155297,30.68,-19140,680,-256
1155314,29.89,-19036,1428,-524
1155331,30.42,-19000,1892,-220
1155348,30.94,-19136,2412,-384
1155365,30.68,-18748,2936,-344
1155382,30.94,-18080,3492,-364
1155399,31.21,-17972,3912,-452
1155416,32.00,-16656,4064,-344
1155433,31.98,-17852,4876,-568
1155450,32.79,-17444,5340,-656
1155467,32.79,-15708,5188,-416
1155484,32.79,-16388,5708,-420
1155501,34.11,-15488,5956,-588
1155518,34.09,-14720,6068,-608
1155535,34.11,-14872,6324,-668
1155552,34.88,-12548,4188,860
1155569,34.88,-16260,7304,-308
1155586,35.67,-14708,7552,-1544
1155603,35.95,-8940,4512,-1080
1155620,36.22,-15972,8000,-1432
1155637,36.46,-13656,7152,-1056
1155654,36.68,-9576,5172,-668
1155671,36.44,-14292,7668,-1708
1155688,36.43,-12820,6872,-1304
1155705,36.91,-11056,5972,-1016
1155722,36.44,-13460,7284,-1340
1155739,36.43,-11808,6440,-1112
1155756,36.20,-12592,6648,-1348
1155773,36.44,-13412,7000,-1392
1155790,36.22,-11900,6096,-1212
1155807,35.95,-13996,7004,-1448
1155824,35.67,-13592,6524,-1216
1155841,34.88,-13244,6204,-1356
1155858,34.90,-14672,6508,-1460
1155875,34.09,-14240,6112,-1352
1155892,34.11,-15032,6004,-1300
1155909,34.11,-15380,5728,-1672
1155926,33.31,-15728,5504,-1380
1155943,32.77,-16560,5304,-1472
1155960,31.98,-16624,4844,-1420
1155977,31.98,-17088,4288,-1568
1155994,31.21,-17640,4308,-1360
1156011,30.94,-17808,3608,-1280
1156028,31.47,-18248,3168,-1352
1156045,30.42,-18624,2748,-1312
1156062,30.17,-18612,2184,-992
1156079,30.94,-18856,1512,-1260
1156096,30.42,-18964,876,-1000
1156113,29.89,-19052,452,-1008
1156130,29.88,-19020,-228,-832
1156147,30.42,-18908,-776,-776
1156164,30.15,-18772,-1392,-784
1156181,30.66,-18604,-1688,-652
1156198,30.94,-18396,-2264,-492
1156215,31.21,-18072,-2740,-512
1156232,31.45,-17704,-3212,-184
1156249,31.47,-17552,-3812,-312
1156266,32.24,-16940,-4160,-56
1156283,33.05,-16472,-4328,12
1156300,33.05,-16048,-4516,-84
1156317,33.84,-15700,-4944,52
1156334,33.84,-15228,-4956,524
1156351,34.63,-14436,-4784,64
1156368,34.11,-15508,-5664,40
1156385,34.90,-14132,-5516,168
1156402,35.69,-13352,-5312,340
1156419,35.95,-13868,-5808,216
1156436,36.19,-13800,-5684,176
1156453,35.95,-13460,-5748,152
1156470,35.67,-13180,-5748,72
1156487,36.19,-12908,-5656,296
1156504,36.67,-12812,-5776,248
1156521,36.67,-13196,-5728,160
1156538,36.20,-13232,-5676,124
1156555,35.69,-13164,-5408,400
1156572,35.95,-13304,-5660,372
1156589,36.20,-13560,-5432,364
1156606,35.14,-13608,-5320,472
1156623,35.69,-14176,-5276,548
1156640,34.90,-14432,-5204,432
1156657,34.63,-14596,-4984,624
1156674,33.82,-15088,-4888,552
1156691,33.82,-15472,-4692,484
1156708,33.05,-15764,-4464,240
1156725,33.03,-16132,-4156,260
1156742,32.24,-16516,-3792,368
1156759,32.26,-16988,-3512,272
1156776,31.98,-17376,-3156,360
1156793,31.18,-17520,-2684,136
1156810,31.73,-18080,-2316,64
1156827,30.94,-18280,-1864,244
1156844,31.20,-18356,-1260,84
1156861,30.15,-18648,-860,-4
1156878,30.42,-18756,-492,176
1156895,29.89,-18800,192,36
1156912,29.89,-18764,760,12
1156929,29.89,-18896,1192,-20
1156946,29.89,-18568,1736,-236
1156963,30.41,-18648,2420,-296
1156980,30.66,-18536,2952,-252
1156997,30.41,-18080,3208,-368
1157014,30.68,-17872,3720,-360
1157031,30.94,-17304,4084,-584
1157048,31.73,-17332,4552,-636
1157065,32.53,-17672,4892,-508
1157082,32.53,-15880,4836,-540
1157099,33.32,-15824,5288,-564
1157116,33.32,-16112,5812,-920
1157133,33.31,-15000,5596,-736
1157150,34.11,-14900,5928,-652
1157167,34.09,-14532,6052,-812
1157184,34.88,-14004,6004,-988
1157201,35.14,-14348,6136,-800
1157218,35.93,-15560,7348,-1556
1157235,36.20,-10852,5580,-244
1157252,36.43,-12740,5976,-1004
1157269,36.20,-15468,7496,-1792
1157286,37.11,-10780,5616,-1044
1157303,36.43,-12064,6256,-1084
1157320,36.43,-14504,7288,-1756
1157337,36.43,-11608,5944,-1336
1157354,35.95,-12708,6504,-1288
1157371,36.20,-12980,6336,-1208
1157388,35.67,-12720,6172,-1508
1157405,35.95,-13768,6720,-1624
1157422,35.67,-12372,5860,-1132
1157439,35.41,-13952,6340,-1592
1157456,34.63,-14536,6348,-1680
1157473,35.14,-13568,5768,-1388
1157490,34.35,-15264,5976,-1616
1157507,33.58,-14948,5592,-1536
1157524,33.56,-15120,5420,-1452
1157541,33.58,-15968,5316,-1552
1157558,32.77,-15988,4936,-1528
1157575,31.98,-16740,4680,-1528
1157592,31.98,-16876,4340,-1544
1157609,31.73,-17212,3848,-1596
1157626,30.94,-17844,3556,-1496
1157643,30.70,-17796,2992,-1500
1157660,30.94,-18088,2652,-1280
1157677,30.66,-18604,2076,-1376
1157694,30.15,-18500,1528,-1312
1157711,30.42,-18488,1048,-1328
1157728,30.41,-18832,460,-1092
1157745,30.42,-18756,0,-1036
1157762,30.41,-18596,-640,-972
1157779,30.92,-18504,-1196,-840
1157796,30.68,-18420,-1556,-784
1157813,30.41,-18124,-2136,-704
1157830,30.66,-17932,-2812,-440
1157847,30.94,-17592,-3128,-428
1157864,31.20,-17524,-3492,-460
1157881,31.98,-16932,-3808,-96
1157898,32.77,-16560,-4112,-52
1157915,32.28,-16296,-4340,-104
1157932,33.05,-16020,-4684,-44
1157949,33.03,-14844,-4700,-100
1157966,33.84,-15640,-4892,-220
1157983,34.09,-16380,-5616,-44
1158000,34.88,-14104,-5156,244
1158017,34.37,-13248,-4996,360
1158034,34.61,-14484,-5800,316
1158051,35.67,-13752,-5420,196
1158068,35.40,-13356,-5356,292
1158085,35.16,-13812,-5572,368
1158102,35.67,-13232,-5476,212
1158119,36.20,-13000,-5560,580
1158136,36.20,-13208,-5392,360
1158153,36.20,-13484,-5480,408
1158170,35.65,-13372,-5344,464
1158187,35.14,-13448,-5244,432
1158204,35.40,-13788,-5348,516
1158221,35.14,-13940,-5092,488
1158238,34.88,-14248,-5012,492
1158255,34.63,-14348,-4992,652
1158272,34.35,-14768,-4792,420
1158289,33.56,-15144,-4620,580
1158306,34.09,-15412,-4352,580
1158323,33.31,-15756,-4112,616
1158340,32.50,-16248,-3860,560
1158357,33.03,-16532,-3548,492
1158374,32.24,-16672,-3160,528
1158391,31.47,-17164,-2980,476
1158408,32.00,-17496,-2584,364
1158425,31.73,-17744,-2152,400
1158442,31.47,-18004,-1532,348
1158459,31.20,-18264,-1284,280
1158476,30.15,-18364,-788,256
1158493,30.41,-18276,-268,96
1158510,30.41,-18528,252,236
1158527,29.89,-18632,672,-36
1158544,29.89,-18604,1172,92
1158561,29.89,-18416,1720,-60
1158578,30.41,-18736,2244,-200
1158595,30.15,-18256,2688,-216
1158612,31.20,-17916,3136,-184
1158629,31.47,-17728,3548,-340
1158646,31.73,-17420,3832,-580
1158663,31.20,-15820,4004,-248
1158680,31.45,-17624,4712,-852
1158697,32.26,-17620,5108,-1080
1158714,33.05,-15012,4724,-432
1158731,33.05,-15896,5388,-624
1158748,33.84,-15400,5532,-752
1158765,33.32,-14880,5568,-860
1158782,34.09,-14768,5956,-868
1158799,34.88,-13880,5812,-1008
1158816,34.37,-14040,6028,-1052
1158833,34.63,-14112,5744,-1184
1158850,34.88,-14624,6764,-1664
1158867,35.95,-11316,5656,-604
1158884,35.67,-12792,5884,-1012
1158901,35.41,-15468,7088,-2060
1158918,35.95,-11072,5576,-1176
1158935,35.93,-12236,5940,-1212
1158952,35.93,-14616,6716,-1872
1158969,35.95,-11964,5804,-1472
1158986,35.41,-12948,6212,-1440
1159003,35.67,-13120,6136,-1356
1159020,35.93,-13452,5804,-1796
1159037,34.88,-14280,6336,-1776
1159054,34.63,-12792,5404,-1364
1159071,34.35,-14584,5956,-1724
1159088,34.88,-14800,5768,-1856
1159105,34.09,-13888,5244,-1392
1159122,33.31,-15372,5560,-1812
1159139,33.82,-15572,5244,-1852
1159156,33.05,-15588,4868,-1680
1159173,32.24,-16032,4728,-1708
1159190,32.77,-16344,4400,-1764
1159207,31.98,-17124,4056,-1844
1159224,31.73,-16780,3752,-1724
1159241,31.45,-17176,3296,-1544
1159258,30.68,-17924,3000,-1724
1159275,30.94,-17736,2416,-1424
1159292,31.20,-18080,2044,-1480
1159309,30.15,-18428,1508,-1264
1159326,30.94,-18376,916,-1248
1159343,30.41,-18396,488,-960
1159360,30.41,-18520,-88,-1056
1159377,30.41,-18532,-548,-1052
1159394,30.94,-18312,-1080,-896
1159411,30.68,-18156,-1476,-824
1159428,30.41,-18108,-2004,-612
1159445,31.45,-18104,-2552,-476
1159462,31.20,-17568,-2704,-428
1159479,31.47,-17268,-3192,-272
1159496,32.26,-17156,-3640,-64
1159513,31.73,-16644,-3924,16
1159530,31.98,-16200,-4152,60
1159547,32.77,-15820,-4376,44
1159564,33.56,-15576,-4580,28
1159581,33.03,-14316,-4488,16
1159598,33.29,-15388,-5012,396
1159615,34.09,-14972,-5124,612
1159632,34.35,-12964,-4688,372
1159649,34.09,-14936,-5392,480
1159666,34.35,-14356,-5148,312
1159683,35.41,-13116,-4924,448
1159700,35.14,-14088,-5364,444
1159717,35.67,-13468,-5164,532
1159734,34.88,-13212,-5060,452
1159751,34.88,-14112,-5428,660
1159768,35.67,-13248,-5224,684
1159785,35.16,-13240,-4952,748
1159802,34.63,-14268,-5152,672
1159819,34.88,-13892,-4988,680
1159836,35.16,-13764,-4780,792
1159853,34.09,-14460,-4848,792
1159870,33.84,-14552,-4644,684
1159887,33.56,-14808,-4468,740
1159904,33.32,-15180,-4384,828
1159921,33.84,-15456,-4144,744
1159938,33.05,-15732,-3720,688
1159955,32.79,-16024,-3532,828
1159972,31.98,-16344,-3276,908
1159989,31.73,-16732,-2992,696
1160006,31.47,-17076,-2632,716
1160023,31.98,-17284,-2252,608
1160040,31.73,-17500,-1728,600
1160057,31.45,-17896,-1456,552
1160074,30.41,-17808,-944,508
1160091,30.66,-18160,-536,576
1160108,30.94,-18356,-240,416
1160125,30.42,-18216,324,516
1160142,29.89,-18240,820,276
1160159,29.89,-18336,1272,260
1160176,30.41,-18492,1736,152
1160193,30.41,-18232,2120,-68
1160210,30.15,-17976,2724,-76
1160227,31.20,-17804,2996,-168
1160244,30.92,-17656,3352,-348
1160261,31.20,-17336,3820,-512
1160278,31.47,-16916,4112,-400
1160295,31.74,-15836,4224,-140
1160312,32.52,-16920,4684,-420
1160329,31.98,-16188,5000,-704
1160346,32.77,-15356,5016,-464
1160363,33.58,-15860,5384,-824
1160380,33.03,-14772,5244,-836
1160397,33.82,-14928,5664,-1000
1160414,34.09,-14708,5692,-1012
1160431,34.37,-14028,5652,-1116
1160448,35.12,-14020,4372,-1404
1160465,34.88,-15880,7076,-1484
1160482,35.12,-14136,6136,-1148
1160499,34.87,-10456,4676,-1276
1160516,35.40,-16452,6976,-2720
1160533,35.93,-13176,5676,-1440
1160550,35.14,-10672,5004,-1144
1160567,35.14,-15180,6696,-2292
1160584,35.95,-13368,5624,-1908
1160601,35.41,-12596,5460,-1424
1160618,34.88,-13920,5992,-2104
1160635,35.16,-13424,5460,-1952
1160652,35.40,-14480,5760,-1820
1160669,35.14,-13312,5248,-1588
1160686,34.90,-13932,5412,-1856
1160703,34.61,-15332,5628,-2068
1160720,33.85,-14176,4904,-1832
1160737,33.56,-15036,4932,-1788
1160754,33.31,-15632,4944,-1996
1160771,32.50,-15680,4460,-1820
1160788,33.05,-16248,4400,-1848
1160805,32.26,-16100,4008,-1912
1160822,32.00,-16728,3828,-1904
1160839,31.74,-17004,3408,-1752
1160856,31.49,-17156,2928,-1780
1160873,31.21,-17556,2636,-1760
1160890,30.94,-17552,2240,-1612
1160907,30.42,-17800,1724,-1484
1160924,30.70,-18076,1288,-1560
1160941,30.17,-18140,920,-1528
1160958,30.96,-18096,464,-1080
1160975,30.41,-18232,-192,-1168
1160992,30.96,-18312,-528,-1160
1161009,30.15,-18192,-952,-1008
1161026,30.70,-17948,-1308,-704
1161043,31.21,-17940,-2024,-548
1161060,30.96,-17888,-2308,-364
1161077,31.21,-17348,-2512,-304
1161094,30.96,-17412,-3048,-140
1161111,31.21,-16852,-3452,-96
1161128,32.00,-16732,-3644,16
1161145,32.26,-16404,-4004,176
1161162,32.53,-15924,-4152,96
1161179,32.81,-15648,-4192,232
1161196,33.58,-15236,-4424,192
1161213,33.85,-15668,-4540,128
1161230,34.11,-15312,-4960,164
1161247,33.85,-13968,-4704,384
1161264,34.11,-14892,-4908,288
1161281,34.37,-14616,-4920,536
1161298,34.09,-13616,-4804,660
1161315,34.64,-13984,-4988,504
1161332,35.17,-14228,-5072,840
1161349,34.37,-13668,-4844,792
1161366,34.37,-13696,-4908,984
1161383,34.37,-13820,-4696,748
1161400,35.16,-14212,-4928,760
1161417,34.64,-13916,-4704,1024
1161434,34.92,-13648,-4472,956
1161451,34.37,-14684,-4720,848
1161468,35.43,-14652,-4456,976
1161485,34.37,-14176,-4156,864
1161502,34.11,-15164,-4148,988
1161519,33.85,-15412,-3896,948
1161536,33.58,-15208,-3616,900
1161553,33.31,-15756,-3500,1068
1161570,33.05,-16164,-3196,808
1161587,32.79,-16284,-2980,816
1161604,32.00,-16620,-2468,896
1161621,31.74,-16952,-2344,972
1161638,31.47,-17092,-1880,748
1161655,31.73,-17328,-1620,820
1161672,31.47,-17572,-1144,748
1161689,30.41,-17752,-836,756
1161706,30.68,-17828,-356,668
1161723,30.15,-17848,96,648
1161740,30.42,-18168,564,484
1161757,30.42,-18224,884,468
1161774,30.42,-18124,1312,320
1161791,30.42,-18016,1812,296
1161808,30.96,-18024,2208,36
1161825,30.15,-17872,2624,100
1161842,31.21,-17524,3164,-136
1161859,30.96,-17532,3296,-176
1161876,30.68,-17264,3620,-160
1161893,30.94,-17036,3868,-324
1161910,31.21,-16100,4168,-504
1161927,31.49,-17452,4724,-864
1161944,32.26,-17092,4872,-1004
1161961,32.52,-14964,4608,-572
1161978,32.79,-15488,5000,-684
1161995,33.58,-15508,5264,-1084
1162012,33.05,-14960,5124,-1108
1162029,33.31,-14936,5440,-1004
1162046,33.60,-13876,5460,-1076
1162063,33.84,-13932,4128,-1624
1162080,34.09,-16232,6588,-1760
1162097,34.64,-14120,5824,-992
1162114,34.90,-10608,4576,-1380
1162131,35.41,-16580,6512,-2476
1162148,34.64,-13612,5648,-1568
1162165,35.16,-10904,4740,-1208
1162182,34.64,-15180,6176,-2432
1162199,34.63,-13672,5336,-1936
1162216,35.43,-12552,5132,-1544
1162233,34.90,-14216,5672,-1988
1162250,35.17,-13672,5160,-2240
1162267,34.64,-14464,5320,-2276
1162284,34.39,-13820,5048,-1820
1162301,34.63,-13944,4840,-2084
1162318,34.37,-15588,5048,-2168
1162335,34.11,-14360,4660,-1944
1162352,33.84,-14964,4464,-1836
1162369,33.05,-15880,4436,-2180
1162386,32.79,-15552,4064,-2164
1162403,32.52,-15980,3936,-1904
1162420,32.26,-16280,3692,-1920
1162437,32.79,-16696,3200,-1956
1162454,31.73,-16704,3064,-1612
1162471,31.47,-16808,2668,-1744
1162488,31.21,-17436,2284,-1864
1162505,31.47,-17660,1932,-1764
1162522,30.41,-17228,1528,-1636
1162539,31.20,-17904,1188,-1560
1162556,30.66,-17932,728,-1664
1162573,30.15,-17708,224,-1292
1162590,30.17,-18072,-172,-1376
1162607,30.15,-17828,-600,-1024
1162624,30.15,-18072,-1048,-980
1162641,30.68,-17740,-1444,-944
1162658,31.21,-17516,-1804,-540
1162675,30.94,-17736,-2256,-640
1162692,30.68,-17420,-2500,-464
1162709,31.74,-17032,-2872,-312
1162726,31.98,-17112,-3140,-168
1162743,31.73,-16696,-3396,-84
1162760,32.02,-16244,-3676,-12
1162777,32.26,-16012,-3828,260
1162794,32.53,-15820,-4064,216
1162811,32.79,-15548,-4300,364
1162828,33.05,-14276,-4080,472
1162845,33.32,-15840,-4524,124
1162862,33.58,-15556,-4516,468
1162879,33.31,-13636,-4316,660
1162896,34.37,-14736,-4764,556
1162913,34.11,-14692,-4640,888
1162930,34.63,-13756,-4396,820
1162947,33.85,-14336,-4612,968
1162964,35.17,-14268,-4556,1040
