894018,43.18,0,0,0
894034,43.18,0,0,0
894050,43.18,0,0,0
894066,43.20,0,0,0
894082,43.20,0,0,0
894098,43.20,0,0,0
894114,44.20,0,0,0
894130,44.20,0,0,0
894146,44.20,0,0,0
894162,44.20,0,0,0
894178,44.20,0,0,0
894194,44.20,0,0,0
894210,43.80,0,0,0
894226,43.80,0,0,0
894242,43.80,0,0,0
894258,43.78,0,0,0
894274,43.80,0,0,0
894290,43.78,0,0,0
894306,43.80,0,0,0
894322,43.80,0,0,0
894338,43.78,0,0,0
894354,43.78,0,0,0
894370,43.80,0,0,0
894386,43.80,0,0,0
894402,43.80,0,0,0
894418,43.80,0,0,0
894434,43.80,0,0,0
894450,43.78,0,0,0
894466,43.80,0,0,0
894482,44.21,0,0,0
894498,44.20,0,0,0
894514,44.20,0,0,0
894530,44.21,0,0,0
894546,44.21,0,0,0
894562,44.20,0,0,0
894578,44.20,0,0,0
894595,44.61,0,0,0
894611,43.20,0,0,0
894628,44.62,0,0,0
894644,43.20,0,0,0
894660,44.21,0,0,0
894676,44.21,0,0,0
894692,44.21,0,0,0
894708,44.20,0,0,0
894724,44.20,0,0,0
894740,44.20,0,0,0
894756,44.21,0,0,0
894772,44.20,0,0,0
894788,44.20,0,0,0
894804,44.18,0,0,0
894820,44.20,0,0,0
894836,43.18,0,0,0
894852,43.20,0,0,0
894868,43.20,0,0,0
894884,43.20,0,0,0
894900,43.20,0,0,0
894916,43.20,0,0,0
894932,43.20,0,0,0
894948,43.18,0,0,0
894964,43.18,0,0,0
894980,43.18,0,0,0
894996,43.18,0,0,0
895012,43.20,0,0,0
895028,43.20,0,0,0
895044,43.18,0,0,0
895060,43.18,0,0,0
895076,43.18,0,0,0
895092,43.18,0,0,0
895108,43.20,0,0,0
895124,43.18,0,0,0
895140,43.41,0,0,0
895156,43.41,0,0,0
895172,42.26,0,0,0
895188,42.72,0,0,0
895204,41.78,0,0,0
895220,40.87,0,0,0
895236,41.09,0,0,0
895252,40.85,0,0,0
895268,39.00,0,0,0
895284,38.30,0,0,0
895300,37.13,0,0,0
895316,37.59,0,0,0
895332,36.43,0,0,0
895348,36.20,0,0,0
895364,35.41,0,0,0
895380,34.35,0,0,0
895396,33.32,0,0,0
895412,33.56,0,0,0
895428,32.52,0,0,0
895444,31.97,0,0,0
895460,31.20,0,0,0
895476,31.20,0,0,0
895492,30.94,0,0,0
895508,31.20,0,0,0
895524,30.66,0,0,0
895540,30.66,0,0,0
895556,30.41,0,0,0
895572,31.45,0,0,0
895588,30.94,0,0,0
895604,31.73,0,0,0
895620,32.24,0,0,0
895636,32.79,0,0,0
895652,33.84,0,0,0
895668,34.09,0,0,0
895684,35.16,0,0,0
895700,35.41,0,0,0
895716,36.20,0,0,0
895732,37.35,0,0,0
895748,36.89,0,0,0
895764,37.58,0,0,0
895780,38.76,0,0,0
895796,39.46,0,0,0
895812,40.85,0,0,0
895828,41.07,0,0,0
895844,42.03,0,0,0
895860,42.48,0,0,0
895876,42.48,0,0,0
895892,43.78,0,0,0
895908,42.72,0,0,0
895924,44.18,0,0,0
895940,42.96,0,0,0
895956,42.94,0,0,0
895972,43.18,0,0,0
895988,43.99,0,0,0
896004,43.18,0,0,0
896020,42.02,0,0,0
896036,41.55,0,0,0
896052,41.09,0,0,0
896068,41.33,0,0,0
896084,39.93,0,0,0
896100,39.24,0,0,0
896116,38.54,0,0,0
896132,37.83,0,0,0
896148,37.13,0,0,0
896164,36.43,0,0,0
896180,36.44,0,0,0
896196,34.88,0,0,0
896212,34.63,0,0,0
896228,34.35,0,0,0
896244,34.08,0,0,0
896260,33.05,0,0,0
896276,32.52,0,0,0
896292,31.21,0,0,0
896308,31.20,0,0,0
896324,30.92,0,0,0
896340,31.20,0,0,0
896356,30.66,0,0,0
896372,30.68,0,0,0
896388,31.20,0,0,0
896404,30.94,0,0,0
896420,31.20,0,0,0
896436,31.98,0,0,0
896452,31.98,0,0,0
896468,32.52,0,0,0
896484,33.03,0,0,0
896500,33.58,0,0,0
896516,33.84,0,0,0
896532,35.40,0,0,0
896548,36.44,0,0,0
896564,37.13,0,0,0
896580,36.67,0,0,0
896596,37.35,0,0,0
896612,39.24,0,0,0
896628,39.46,0,0,0
896644,39.20,0,0,0
896660,40.63,0,0,0
896676,40.39,0,0,0
896692,42.02,0,0,0
896708,41.55,0,0,0
896724,42.72,0,0,0
896740,42.96,0,0,0
896756,42.26,0,0,0
896772,43.18,0,0,0
896788,42.72,0,0,0
896804,42.26,0,0,0
896820,42.48,0,0,0
896836,41.79,0,0,0
896852,41.09,0,0,0
896868,41.09,0,0,0
896884,40.63,0,0,0
896900,39.70,0,0,0
896916,40.41,0,0,0
896932,38.54,0,0,0
896948,38.28,0,0,0
896964,38.06,0,0,0
896980,37.37,0,0,0
896996,36.67,0,0,0
897012,35.14,0,0,0
897028,34.88,0,0,0
897044,33.84,0,0,0
897060,34.09,0,0,0
897076,33.03,0,0,0
897092,32.50,0,0,0
897108,31.98,0,0,0
897124,31.97,0,0,0
897140,31.20,0,0,0
897156,30.92,0,0,0
897172,31.20,0,0,0
897188,30.66,0,0,0
897204,30.68,0,0,0
897220,30.68,0,0,0
897236,30.94,0,0,0
897252,31.21,0,0,0
897268,31.98,0,0,0
897284,32.00,0,0,0
897300,33.31,0,0,0
897316,33.84,0,0,0
897332,34.09,0,0,0
897348,34.37,0,0,0
897364,35.41,0,0,0
897380,35.69,0,0,0
897396,36.43,0,0,0
897412,37.13,0,0,0
897428,37.37,0,0,0
897444,38.07,0,0,0
897460,38.76,0,0,0
897476,40.17,0,0,0
897492,39.93,0,0,0
897508,40.39,0,0,0
897524,40.87,0,0,0
897540,42.50,0,0,0
897556,41.57,0,0,0
897572,41.79,0,0,0
897588,42.03,0,0,0
897604,42.48,0,0,0
897620,42.48,0,0,0
897636,42.02,0,0,0
897652,42.24,0,0,0
897668,41.55,0,0,0
897684,41.31,0,0,0
897700,40.87,0,0,0
897716,40.39,0,0,0
897732,39.93,0,0,0
897748,40.17,0,0,0
897764,38.76,0,0,0
897780,38.54,0,0,0
897796,38.30,0,0,0
897812,37.59,0,0,0
897828,36.89,0,0,0
897844,36.20,0,0,0
897860,35.14,0,0,0
897876,34.87,0,0,0
897892,33.32,0,0,0
897908,33.56,0,0,0
897924,32.50,0,0,0
897940,31.98,0,0,0
897956,31.20,0,0,0
897972,31.20,0,0,0
897988,30.92,0,0,0
898004,31.20,0,0,0
898020,30.68,0,0,0
898036,30.68,0,0,0
898052,30.68,0,0,0
898068,30.41,0,0,0
898084,30.66,0,0,0
898100,31.45,0,0,0
898116,32.24,0,0,0
898132,32.24,0,0,0
898148,32.77,0,0,0
898164,33.82,0,0,0
898180,33.56,0,0,0
898196,34.61,0,0,0
898212,35.67,0,0,0
898228,35.95,0,0,0
898244,36.20,0,0,0
898260,38.06,0,0,0
898276,37.83,0,0,0
898292,38.06,0,0,0
898308,39.46,0,0,0
898324,39.22,0,0,0
898340,39.69,0,0,0
898356,40.15,0,0,0
898372,40.85,0,0,0
898388,41.55,0,0,0
898404,41.79,0,0,0
898420,41.55,0,0,0
898436,42.02,0,0,0
898452,42.02,0,0,0
898468,41.09,0,0,0
898484,41.79,0,0,0
898500,41.55,0,0,0
898516,40.39,0,0,0
898532,40.85,0,0,0
898548,39.69,0,0,0
898564,39.22,0,0,0
898580,39.46,0,0,0
898596,38.06,0,0,0
898612,38.30,0,0,0
898628,36.89,0,0,0
898644,36.19,0,0,0
898660,35.91,0,0,0
898676,34.88,0,0,0
898692,34.61,0,0,0
898708,34.09,0,0,0
898724,33.84,0,0,0
898740,33.29,0,0,0
898756,32.77,0,0,0
898772,31.47,0,0,0
898788,31.45,0,0,0
898804,31.20,0,0,0
898820,30.94,0,0,0
898836,30.66,0,0,0
898852,30.68,0,0,0
898868,30.66,0,0,0
898884,30.66,0,0,0
898900,31.73,0,0,0
898916,31.98,0,0,0
898932,31.47,0,0,0
898948,31.47,0,0,0
898964,32.77,0,0,0
898980,33.32,0,0,0
898996,33.84,0,0,0
899012,34.11,0,0,0
899028,35.16,0,0,0
899044,35.43,0,0,0
899060,36.44,0,0,0
899076,37.13,0,0,0
899092,37.37,0,0,0
899108,37.59,0,0,0
899124,39.46,0,0,0
899140,38.76,0,0,0
899156,40.15,0,0,0
899172,40.63,0,0,0
899188,40.63,0,0,0
899204,40.63,0,0,0
899220,40.85,0,0,0
899236,41.09,0,0,0
899252,41.33,0,0,0
899268,41.33,0,0,0
899284,41.33,0,0,0
899300,42.50,0,0,0
899316,41.09,0,0,0
899332,40.87,0,0,0
899348,40.61,0,0,0
899364,40.63,0,0,0
899380,40.63,0,0,0
899396,39.69,0,0,0
899412,38.78,0,0,0
899428,39.46,0,0,0
899444,37.59,0,0,0
899460,37.37,0,0,0
899476,37.59,0,0,0
899492,36.89,0,0,0
899508,35.41,0,0,0
899524,34.35,0,0,0
899540,34.09,0,0,0
899556,34.37,0,0,0
899572,33.31,0,0,0
899588,31.98,0,0,0
899604,31.98,0,0,0
899620,31.98,0,0,0
899636,31.20,0,0,0
899652,30.94,0,0,0
899668,30.68,0,0,0
899684,30.68,0,0,0
899700,30.68,0,0,0
899716,30.68,0,0,0
899732,30.42,0,0,0
899748,30.68,0,0,0
899764,31.45,0,0,0
899780,31.74,0,0,0
899796,32.26,0,0,0
899812,33.58,0,0,0
899828,33.31,0,0,0
899844,33.82,0,0,0
899860,34.35,0,0,0
899876,35.41,0,0,0
899892,35.67,0,0,0
899908,36.19,0,0,0
899924,36.43,0,0,0
899940,38.30,0,0,0
899956,37.59,0,0,0
899972,39.00,0,0,0
899988,39.93,0,0,0
900004,39.91,0,0,0
900020,39.91,0,0,0
900036,39.91,0,0,0
900052,40.15,0,0,0
900068,40.37,0,0,0
900084,40.85,0,0,0
900100,41.78,0,0,0
900116,41.31,0,0,0
900132,40.85,0,0,0
900148,41.09,0,0,0
900164,40.85,0,0,0
900180,40.15,0,0,0
900196,39.46,0,0,0
900212,39.00,0,0,0
900228,38.54,0,0,0
900244,38.06,0,0,0
900260,38.76,0,0,0
900276,36.89,0,0,0
900292,37.59,0,0,0
900308,36.19,0,0,0
900324,35.95,0,0,0
900340,35.41,0,0,0
900356,34.35,0,0,0
900372,34.63,0,0,0
900388,32.77,0,0,0
900404,32.26,0,0,0
900420,33.03,0,0,0
900436,31.73,0,0,0
900452,30.94,0,0,0
900468,30.68,0,0,0
900484,30.42,0,0,0
900500,30.68,0,0,0
900516,30.68,0,0,0
900532,30.68,0,0,0
900548,30.68,0,0,0
900564,30.94,0,0,0
900580,31.20,0,0,0
900596,31.47,0,0,0
900612,31.45,0,0,0
900628,32.24,0,0,0
900644,32.77,0,0,0
900660,33.31,0,0,0
900676,34.37,0,0,0
900692,34.63,0,0,0
900708,35.69,0,0,0
900724,36.67,0,0,0
900740,36.89,0,0,0
900756,36.67,0,0,0
900772,38.54,0,0,0
900788,37.83,0,0,0
900804,39.22,0,0,0
900820,39.69,0,0,0
900836,39.70,0,0,0
900852,39.69,0,0,0
900868,40.85,0,0,0
900884,41.55,0,0,0
900900,41.33,0,0,0
900916,40.63,0,0,0
900932,41.09,0,0,0
900948,41.09,0,0,0
900964,40.61,0,0,0
900980,40.85,0,0,0
900996,40.63,0,0,0
901012,39.93,0,0,0
901028,40.39,0,0,0
901044,39.22,0,0,0
901060,38.76,0,0,0
901076,39.00,0,0,0
901092,38.06,0,0,0
901108,37.11,0,0,0
901124,36.89,0,0,0
901140,36.67,0,0,0
901156,35.67,0,0,0
901172,34.63,0,0,0
901188,34.88,0,0,0
901204,33.84,0,0,0
901220,34.09,0,0,0
901236,33.56,0,0,0
901252,32.24,0,0,0
901268,31.73,0,0,0
901284,31.45,0,0,0
901300,30.66,0,0,0
901316,30.41,0,0,0
901332,30.66,0,0,0
901348,30.68,0,0,0
901364,30.68,0,0,0
901380,31.20,0,0,0
901396,30.92,0,0,0
901412,31.20,0,0,0
901428,31.45,0,0,0
901444,32.24,0,0,0
901460,32.24,0,0,0
901476,32.76,0,0,0
901492,34.09,0,0,0
901508,33.82,0,0,0
901524,34.35,0,0,0
901540,34.88,0,0,0
901556,35.95,0,0,0
901572,36.43,0,0,0
901588,36.19,0,0,0
901604,37.59,0,0,0
901620,37.35,0,0,0
901636,37.82,0,0,0
901652,38.30,0,0,0
901668,38.28,0,0,0
901684,39.44,0,0,0
901700,40.63,0,0,0
901716,40.85,0,0,0
901732,40.61,0,0,0
901748,39.93,0,0,0
901764,39.91,0,0,0
901780,39.91,0,0,0
901796,40.61,0,0,0
901812,39.67,0,0,0
901828,39.44,0,0,0
901844,38.76,0,0,0
901860,39.20,0,0,0
901876,39.22,0,0,0
901892,38.76,0,0,0
901908,38.31,0,0,0
901924,37.37,0,0,0
901940,36.43,0,0,0
901956,36.67,0,0,0
901972,35.67,0,0,0
901988,35.14,0,0,0
902004,34.09,0,0,0
902020,33.58,0,0,0
902036,33.82,0,0,0
902052,33.31,0,0,0
902068,31.98,0,0,0
902084,31.98,0,0,0
902100,32.00,0,0,0
902116,31.73,0,0,0
902132,31.45,0,0,0
902148,31.20,0,0,0
902164,30.68,0,0,0
902180,30.66,0,0,0
902196,30.66,0,0,0
902212,31.20,0,0,0
902228,30.94,0,0,0
902244,31.20,0,0,0
902260,31.98,0,0,0
902276,31.45,0,0,0
902292,32.77,0,0,0
902308,32.77,0,0,0
902324,33.82,0,0,0
902340,34.35,0,0,0
902356,34.61,0,0,0
902372,35.14,0,0,0
902388,36.19,0,0,0
902404,36.43,0,0,0
902420,36.89,0,0,0
902436,37.13,0,0,0
902452,37.59,0,0,0
902468,38.06,0,0,0
902484,38.52,0,0,0
902500,40.17,0,0,0
902516,39.70,0,0,0
902532,40.39,0,0,0
902548,40.61,0,0,0
902564,40.39,0,0,0
902580,41.31,0,0,0
902596,40.15,0,0,0
902612,41.31,0,0,0
902628,40.37,0,0,0
902644,40.63,0,0,0
902660,40.39,0,0,0
902676,39.24,0,0,0
902692,40.15,0,0,0
902708,38.54,0,0,0
902724,38.06,0,0,0
902740,37.59,0,0,0
902756,36.65,0,0,0
902772,36.89,0,0,0
902788,35.93,0,0,0
902804,36.20,0,0,0
902820,35.14,0,0,0
902836,34.61,0,0,0
902852,33.56,0,0,0
902868,33.84,0,0,0
902884,33.31,0,0,0
902900,31.98,0,0,0
902916,31.98,0,0,0
902932,31.20,0,0,0
902948,31.20,0,0,0
902964,30.94,0,0,0
902980,31.20,0,0,0
902996,30.68,0,0,0
903012,30.66,0,0,0
903028,30.68,0,0,0
903044,31.20,0,0,0
903060,30.94,0,0,0
903076,31.20,0,0,0
903092,31.98,0,0,0
903108,31.47,0,0,0
903124,32.77,0,0,0
903140,32.77,0,0,0
903156,33.31,0,0,0
903172,33.82,0,0,0
903188,34.35,0,0,0
903204,34.88,0,0,0
903220,35.41,0,0,0
903236,35.93,0,0,0
903252,36.89,0,0,0
903268,37.83,0,0,0
903284,37.13,0,0,0
903300,37.59,0,0,0
903316,38.76,0,0,0
903332,38.76,0,0,0
903348,39.46,0,0,0
903364,39.00,0,0,0
903380,40.37,0,0,0
903396,39.70,0,0,0
903412,40.61,0,0,0
903428,40.63,0,0,0
903444,40.15,0,0,0
903460,39.20,0,0,0
903476,39.46,0,0,0
903492,39.22,0,0,0
903508,38.52,0,0,0
903524,39.00,0,0,0
903540,37.83,0,0,0
903556,37.35,0,0,0
903572,36.89,0,0,0
903588,36.43,0,0,0
903604,36.67,0,0,0
903620,35.67,0,0,0
903636,35.14,0,0,0
903652,34.63,0,0,0
903668,34.09,0,0,0
903684,33.56,0,0,0
903700,33.05,0,0,0
903716,33.03,0,0,0
903732,31.71,0,0,0
903748,31.73,0,0,0
903764,32.24,0,0,0
903780,30.66,0,0,0
903796,30.92,0,0,0
903812,31.18,0,0,0
903828,30.65,0,0,0
903844,30.66,0,0,0
903860,30.66,0,0,0
903876,30.41,0,0,0
903892,31.45,0,0,0
903908,31.71,0,0,0
903924,31.20,0,0,0
903940,31.98,0,0,0
903956,33.31,0,0,0
903972,33.29,0,0,0
903988,33.03,0,0,0
904004,33.56,0,0,0
904020,34.61,0,0,0
904036,35.14,0,0,0
904052,36.19,0,0,0
904068,36.65,0,0,0
904084,36.43,0,0,0
904100,36.89,0,0,0
904116,37.35,0,0,0
904132,37.82,0,0,0
904148,38.28,0,0,0
904164,39.00,0,0,0
904180,40.15,0,0,0
904196,39.22,0,0,0
904212,40.63,0,0,0
904228,39.93,0,0,0
904244,40.39,0,0,0
904260,40.39,0,0,0
904276,39.46,0,0,0
904292,40.63,0,0,0
904308,39.24,0,0,0
904324,39.00,0,0,0
904340,39.46,0,0,0
904356,38.30,0,0,0
904372,38.30,0,0,0
904388,37.83,0,0,0
904404,37.35,0,0,0
904420,36.43,0,0,0
904436,35.95,0,0,0
904452,36.20,0,0,0
904468,35.67,0,0,0
904484,34.63,0,0,0
904500,34.08,0,0,0
904516,33.56,0,0,0
904532,33.03,0,0,0
904548,32.52,0,0,0
904564,31.73,0,0,0
904580,31.73,0,0,0
904596,32.24,0,0,0
904612,30.68,0,0,0
904628,31.73,0,0,0
904644,30.66,0,0,0
904660,30.66,0,0,0
904676,30.66,0,0,0
904692,30.68,0,0,0
904708,30.41,0,0,0
904724,31.47,0,0,0
904740,31.73,0,0,0
904756,32.52,0,0,0
904772,32.00,0,0,0
904788,31.98,0,0,0
904804,33.31,0,0,0
904820,33.31,0,0,0
904836,33.82,0,0,0
904852,34.35,0,0,0
904868,34.88,0,0,0
904884,35.40,0,0,0
904900,35.93,0,0,0
904916,36.43,0,0,0
904932,36.43,0,0,0
904948,36.89,0,0,0
904964,36.91,0,0,0
904980,38.54,0,0,0
904996,37.59,0,0,0
905012,38.30,0,0,0
905028,38.54,0,0,0
905044,38.76,0,0,0
905060,38.76,0,0,0
905076,39.22,0,0,0
905092,39.22,0,0,0
905108,38.76,0,0,0
905124,39.00,0,0,0
905140,39.22,0,0,0
905156,38.54,0,0,0
905172,37.83,0,0,0
905188,38.76,0,0,0
905204,37.13,0,0,0
905220,36.67,0,0,0
905236,36.19,0,0,0
905252,36.20,0,0,0
905268,35.67,0,0,0
905284,35.16,0,0,0
905300,34.61,0,0,0
905316,34.09,0,0,0
905332,34.09,0,0,0
905348,33.56,0,0,0
905364,32.26,0,0,0
905380,32.24,0,0,0
905396,31.45,0,0,0
905412,31.47,0,0,0
905428,31.20,0,0,0
905444,30.92,0,0,0
905460,30.41,0,0,0
905476,30.66,0,0,0
905492,30.66,0,0,0
905508,30.66,0,0,0
905524,31.20,0,0,0
905540,30.94,0,0,0
905556,31.20,0,0,0
905572,31.45,0,0,0
905588,32.24,0,0,0
905604,31.73,0,0,0
905620,33.05,0,0,0
905636,33.05,0,0,0
905652,33.56,0,0,0
905668,34.08,0,0,0
905684,35.14,0,0,0
905700,35.67,0,0,0
905716,36.19,0,0,0
905732,36.67,0,0,0
905748,37.13,0,0,0
905764,38.06,0,0,0
905780,38.06,0,0,0
905796,38.06,0,0,0
905812,38.06,0,0,0
905828,38.30,0,0,0
905844,39.00,0,0,0
905860,38.76,0,0,0
905876,40.17,0,0,0
905892,39.00,0,0,0
905908,39.46,0,0,0
905924,39.00,0,0,0
905940,40.17,0,0,0
905956,38.76,0,0,0
905972,38.54,0,0,0
905988,38.30,0,0,0
906004,39.22,0,0,0
906020,37.59,0,0,0
906036,37.59,0,0,0
906052,37.61,0,0,0
906068,37.13,0,0,0
906084,36.20,0,0,0
906100,36.20,0,0,0
906116,35.14,0,0,0
906132,34.61,0,0,0
906148,34.11,0,0,0
906164,33.56,0,0,0
906180,33.56,0,0,0
906196,33.05,0,0,0
906212,32.24,0,0,0
906228,32.26,0,0,0
906244,31.47,0,0,0
906260,31.20,0,0,0
906276,30.94,0,0,0
906292,31.20,0,0,0
906308,30.66,0,0,0
906324,30.68,0,0,0
906340,30.68,0,0,0
906356,30.41,0,0,0
906372,30.94,0,0,0
906388,31.20,0,0,0
906404,31.47,0,0,0
906420,32.26,0,0,0
906436,33.03,0,0,0
906452,33.03,0,0,0
906468,33.03,0,0,0
906484,34.35,0,0,0
906500,33.56,0,0,0
906516,34.88,0,0,0
906532,34.88,0,0,0
906548,35.40,0,0,0
906564,35.93,0,0,0
906580,35.93,0,0,0
906596,36.43,0,0,0
906612,37.13,0,0,0
906628,37.13,0,0,0
906644,37.83,0,0,0
906660,38.54,0,0,0
906676,38.78,0,0,0
906692,38.54,0,0,0
906708,38.30,0,0,0
906724,38.30,0,0,0
906740,38.30,0,0,0
906756,38.30,0,0,0
906772,38.54,0,0,0
906788,37.61,0,0,0
906804,37.37,0,0,0
906820,38.30,0,0,0
906836,37.59,0,0,0
906852,36.43,0,0,0
906868,36.44,0,0,0
906884,36.43,0,0,0
906900,36.44,0,0,0
906916,35.95,0,0,0
906932,34.63,0,0,0
906948,34.63,0,0,0
906964,34.11,0,0,0
906980,33.58,0,0,0
906996,33.58,0,0,0
907012,32.26,0,0,0
907028,32.26,0,0,0
907044,31.45,0,0,0
907060,31.98,0,0,0
907076,31.20,0,0,0
907092,31.47,0,0,0
907108,30.42,0,0,0
907124,30.68,0,0,0
907140,30.66,0,0,0
907156,30.68,0,0,0
907172,31.20,0,0,0
907188,30.42,0,0,0
907204,30.68,0,0,0
907220,31.73,0,0,0
907236,31.20,0,0,0
907252,31.98,0,0,0
907268,32.77,0,0,0
907284,32.79,0,0,0
907300,34.09,0,0,0
907316,34.63,0,0,0
907332,35.16,0,0,0
907348,34.37,0,0,0
907364,35.67,0,0,0
907380,36.20,0,0,0
907396,36.67,0,0,0
907412,37.13,0,0,0
907428,37.15,0,0,0
907444,37.15,0,0,0
907460,38.30,0,0,0
907476,37.83,0,0,0
907492,38.07,0,0,0
907508,38.31,0,0,0
907524,39.22,0,0,0
907540,38.54,0,0,0
907556,39.00,0,0,0
907572,38.54,0,0,0
907588,38.54,0,0,0
907604,39.22,0,0,0
907620,38.98,0,0,0
907636,38.76,0,0,0
907652,38.52,0,0,0
907668,37.35,0,0,0
907684,37.37,0,0,0
907700,37.82,0,0,0
907716,36.20,0,0,0
907732,35.67,0,0,0
907748,36.43,0,0,0
907764,35.16,0,0,0
907780,34.63,0,0,0
907796,34.09,0,0,0
907812,33.58,0,0,0
907828,33.58,0,0,0
907844,32.26,0,0,0
907860,32.26,0,0,0
907876,31.45,0,0,0
907892,32.00,0,0,0
907908,31.20,0,0,0
907924,31.47,0,0,0
907940,30.41,0,0,0
907956,30.68,0,0,0
907972,30.68,0,0,0
907988,30.68,0,0,0
908004,31.20,0,0,0
908020,30.94,0,0,0
908036,30.68,0,0,0
908052,30.94,0,0,0
908068,32.52,0,0,0
908084,31.98,0,0,0
908100,32.77,0,0,0
908116,32.77,0,0,0
908132,32.79,0,0,0
908148,34.11,0,0,0
908164,34.09,0,0,0
908180,34.63,0,0,0
908196,34.61,0,0,0
908212,35.95,0,0,0
908228,35.93,0,0,0
908244,37.13,0,0,0
908260,36.65,0,0,0
908276,36.67,0,0,0
908292,37.37,0,0,0
908308,37.59,0,0,0
908324,37.83,0,0,0
908340,37.59,0,0,0
908356,37.35,0,0,0
908372,37.83,0,0,0
908388,37.83,0,0,0
908404,37.82,0,0,0
908420,38.52,0,0,0
908436,37.59,0,0,0
908452,37.37,0,0,0
908468,37.13,0,0,0
908484,36.89,0,0,0
908500,37.35,0,0,0
908516,36.20,0,0,0
908532,36.19,0,0,0
908548,36.19,0,0,0
908564,36.19,0,0,0
908580,34.88,0,0,0
908596,34.88,0,0,0
908612,33.56,0,0,0
908628,33.58,0,0,0
908644,33.56,0,0,0
908660,32.26,0,0,0
908676,32.26,0,0,0
908692,31.47,0,0,0
908708,31.20,0,0,0
908724,31.73,0,0,0
908740,30.68,0,0,0
908756,30.94,0,0,0
908772,31.20,0,0,0
908788,30.66,0,0,0
908804,30.68,0,0,0
908820,31.20,0,0,0
908836,30.41,0,0,0
908852,31.47,0,0,0
908868,31.21,0,0,0
908884,31.47,0,0,0
908900,32.26,0,0,0
908916,32.26,0,0,0
908932,33.03,0,0,0
908948,33.05,0,0,0
908964,34.35,0,0,0
908980,33.56,0,0,0
908996,34.88,0,0,0
909012,35.41,0,0,0
909028,35.41,0,0,0
909044,35.95,0,0,0
909060,37.13,0,0,0
909076,37.13,0,0,0
909092,36.68,0,0,0
909108,38.30,0,0,0
909124,37.37,0,0,0
909140,37.61,0,0,0
909156,37.83,0,0,0
909172,39.24,0,0,0
909188,38.07,0,0,0
909204,39.00,0,0,0
909220,38.54,0,0,0
909236,38.06,0,0,0
909252,39.22,0,0,0
909268,37.83,0,0,0
909284,37.59,0,0,0
909300,37.35,0,0,0
909316,38.31,0,0,0
909332,37.13,0,0,0
909348,37.13,0,0,0
909364,35.93,0,0,0
909380,35.93,0,0,0
909396,35.41,0,0,0
909412,35.41,0,0,0
909428,34.88,0,0,0
909444,34.37,0,0,0
909460,34.37,0,0,0
909476,33.05,0,0,0
909492,32.26,0,0,0
909508,32.26,0,0,0
909524,32.77,0,0,0
909540,32.00,0,0,0
909556,31.73,0,0,0
909572,31.47,0,0,0
909588,31.73,0,0,0
909604,31.21,0,0,0
909620,30.66,0,0,0
909636,30.68,0,0,0
909652,31.20,0,0,0
909668,30.92,0,0,0
909684,30.66,0,0,0
909700,31.73,0,0,0
909716,31.98,0,0,0
909732,31.45,0,0,0
909748,32.24,0,0,0
909764,33.03,0,0,0
909780,33.03,0,0,0
909796,33.82,0,0,0
909812,33.84,0,0,0
909828,33.82,0,0,0
909844,35.14,0,0,0
909860,35.14,0,0,0
909876,35.95,0,0,0
909892,35.95,0,0,0
909908,36.65,0,0,0
909924,36.19,0,0,0
909940,36.89,0,0,0
909956,37.58,0,0,0
909972,37.37,0,0,0
909988,37.58,0,0,0
910004,36.89,0,0,0
910020,37.35,0,0,0
910036,37.35,0,0,0
910052,37.35,0,0,0
910068,36.89,0,0,0
910084,37.13,0,0,0
910100,37.37,0,0,0
910116,37.59,0,0,0
910132,36.91,0,0,0
910148,36.20,0,0,0
910164,36.67,0,0,0
910180,35.95,0,0,0
910196,35.14,0,0,0
910212,35.14,0,0,0
910228,35.14,0,0,0
910244,34.35,0,0,0
910260,33.84,0,0,0
910276,33.05,0,0,0
910292,33.03,0,0,0
910308,32.26,0,0,0
910324,32.26,0,0,0
910340,31.45,0,0,0
910356,31.20,0,0,0
910372,30.94,0,0,0
910388,30.66,0,0,0
910404,30.94,0,0,0
910420,31.20,0,0,0
910436,30.68,0,0,0
910452,30.68,0,0,0
910468,31.20,0,0,0
910484,30.41,0,0,0
910500,31.47,0,0,0
910516,31.20,0,0,0
910532,31.47,0,0,0
910548,31.73,0,0,0
910564,32.52,0,0,0
910580,31.98,0,0,0
910596,33.29,0,0,0
910612,33.31,0,0,0
910628,34.09,0,0,0
910644,34.63,0,0,0
910660,34.61,0,0,0
910676,35.14,0,0,0
910692,35.14,0,0,0
910708,35.93,0,0,0
910724,36.43,0,0,0
910740,37.13,0,0,0
910756,36.65,0,0,0
910772,36.89,0,0,0
910788,37.59,0,0,0
910804,37.37,0,0,0
910820,37.59,0,0,0
910836,38.06,0,0,0
910852,38.54,0,0,0
910868,38.54,0,0,0
910884,38.06,0,0,0
910900,37.59,0,0,0
910916,37.83,0,0,0
910932,38.07,0,0,0
910948,37.83,0,0,0
910964,37.13,0,0,0
910980,36.43,0,0,0
910996,36.43,0,0,0
911012,35.67,0,0,0
911028,35.67,0,0,0
911044,35.67,0,0,0
911060,35.16,0,0,0
911076,34.37,0,0,0
911092,33.84,0,0,0
911108,33.84,0,0,0
911124,33.05,0,0,0
911140,33.05,0,0,0
911156,32.24,0,0,0
911172,31.45,0,0,0
911188,32.00,0,0,0
911204,31.71,0,0,0
911220,31.47,0,0,0
911236,30.96,0,0,0
911252,31.21,0,0,0
911268,30.68,0,0,0
911284,30.68,0,0,0
911300,31.21,0,0,0
911316,30.94,0,0,0
911332,31.45,0,0,0
911348,31.20,0,0,0
911364,31.45,0,0,0
911380,31.73,0,0,0
911396,32.52,0,0,0
911412,31.98,0,0,0
911428,32.79,0,0,0
911444,32.77,0,0,0
911460,33.58,0,0,0
911476,33.56,0,0,0
911492,34.88,0,0,0
911508,34.88,0,0,0
911524,35.14,0,0,0
911540,35.14,0,0,0
911556,35.95,0,0,0
911572,36.19,0,0,0
911588,36.89,0,0,0
911604,37.11,0,0,0
911620,37.35,0,0,0
911636,37.13,0,0,0
911652,36.43,0,0,0
911668,36.89,0,0,0
911684,37.35,0,0,0
911700,36.89,0,0,0
911716,36.87,0,0,0
911732,37.13,0,0,0
911748,37.37,0,0,0
911764,36.43,0,0,0
911780,36.19,0,0,0
911796,36.65,0,0,0
911812,35.93,0,0,0
911828,35.67,0,0,0
911844,35.67,0,0,0
911860,34.88,0,0,0
911876,34.09,0,0,0
911892,34.09,0,0,0
911908,33.31,0,0,0
911924,33.31,0,0,0
911940,32.52,0,0,0
911956,32.52,0,0,0
911972,32.24,0,0,0
911988,31.47,0,0,0
912004,31.20,0,0,0
912020,30.94,0,0,0
912036,30.66,0,0,0
912052,30.94,0,0,0
912068,30.42,0,0,0
912084,31.20,0,0,0
912100,30.68,0,0,0
912116,31.20,0,0,0
912132,30.41,0,0,0
912148,31.47,0,0,0
912164,31.20,0,0,0
912180,31.47,0,0,0
912196,31.73,0,0,0
912212,31.98,0,0,0
912228,32.77,0,0,0
912244,33.56,0,0,0
912260,33.56,0,0,0
912276,34.35,0,0,0
912292,34.35,0,0,0
912308,34.35,0,0,0
912324,35.67,0,0,0
912340,35.69,0,0,0
912356,36.43,0,0,0
912372,36.43,0,0,0
912388,35.93,0,0,0
912404,36.67,0,0,0
912420,36.91,0,0,0
912436,37.59,0,0,0
912452,37.37,0,0,0
912468,37.13,0,0,0
912484,37.59,0,0,0
912500,38.54,0,0,0
912516,38.52,0,0,0
912532,38.07,0,0,0
912548,37.13,0,0,0
912564,37.83,0,0,0
912580,36.44,0,0,0
912596,36.67,0,0,0
912612,37.59,0,0,0
912628,36.43,0,0,0
912644,37.37,0,0,0
912660,36.20,0,0,0
912676,36.20,0,0,0
912692,35.40,0,0,0
912708,35.41,0,0,0
912724,34.09,0,0,0
912740,34.09,0,0,0
912756,33.31,0,0,0
912772,32.52,0,0,0
912788,33.05,0,0,0
912804,32.24,0,0,0
912820,31.45,0,0,0
912836,32.00,0,0,0
912852,31.73,0,0,0
912868,30.68,0,0,0
912884,30.92,0,0,0
912900,30.41,0,0,0
912916,31.20,0,0,0
912932,31.20,0,0,0
912948,30.41,0,0,0
912964,30.94,0,0,0
912980,31.47,0,0,0
912996,31.21,0,0,0
913012,31.47,0,0,0
913028,31.73,0,0,0
913044,31.98,0,0,0
913060,32.79,0,0,0
913076,32.26,0,0,0
913092,33.05,0,0,0
913108,33.05,0,0,0
913124,33.84,0,0,0
913140,34.61,0,0,0
913156,34.63,0,0,0
913172,34.88,0,0,0
913188,35.67,0,0,0
913204,35.14,0,0,0
913220,35.41,0,0,0
913236,36.19,0,0,0
913252,35.93,0,0,0
913268,37.35,0,0,0
913284,36.67,0,0,0
913300,36.44,0,0,0
913316,36.43,0,0,0
913332,36.89,0,0,0
913348,36.44,0,0,0
913364,36.44,0,0,0
913380,37.15,0,0,0
913396,36.19,0,0,0
913412,36.43,0,0,0
913428,36.20,0,0,0
913444,35.93,0,0,0
913460,35.69,0,0,0
913476,36.20,0,0,0
913492,35.41,0,0,0
913508,34.63,0,0,0
913524,33.84,0,0,0
913540,34.37,0,0,0
913556,33.56,0,0,0
913572,32.77,0,0,0
913588,32.77,0,0,0
913604,32.52,0,0,0
913620,31.73,0,0,0
913636,32.24,0,0,0
913652,31.98,0,0,0
913668,31.73,0,0,0
913684,30.68,0,0,0
913700,30.94,0,0,0
913716,30.41,0,0,0
913732,31.20,0,0,0
913748,31.20,0,0,0
913764,31.20,0,0,0
913780,30.41,0,0,0
913796,30.94,0,0,0
913812,31.20,0,0,0
913828,30.94,0,0,0
913844,31.20,0,0,0
913860,32.79,0,0,0
913876,32.24,0,0,0
913892,33.05,0,0,0
913908,33.84,0,0,0
913924,33.31,0,0,0
913940,34.63,0,0,0
913956,34.61,0,0,0
913972,35.40,0,0,0
913988,35.41,0,0,0
914004,36.20,0,0,0
914020,35.67,0,0,0
914036,36.43,0,0,0
914052,37.13,0,0,0
914068,36.19,0,0,0
914084,36.43,0,0,0
914100,37.37,0,0,0
914116,37.13,0,0,0
914132,38.06,0,0,0
914148,36.89,0,0,0
914164,36.89,0,0,0
914180,36.89,0,0,0
914196,37.59,0,0,0
914212,36.67,0,0,0
914228,36.43,0,0,0
914244,36.65,0,0,0
914260,36.44,0,0,0
914276,37.37,0,0,0
914292,36.20,0,0,0
914308,35.93,0,0,0
914324,35.95,0,0,0
914340,35.16,0,0,0
914356,34.37,0,0,0
914372,34.35,0,0,0
914388,33.58,0,0,0
914404,34.09,0,0,0
914420,33.31,0,0,0
914436,32.52,0,0,0
914452,31.73,0,0,0
914468,32.26,0,0,0
914484,32.00,0,0,0
914500,31.71,0,0,0
914516,30.66,0,0,0
914532,30.94,0,0,0
914548,30.42,0,0,0
914564,31.21,0,0,0
914580,31.21,0,0,0
914596,30.41,0,0,0
914612,30.94,0,0,0
914628,30.68,0,0,0
914644,31.20,0,0,0
914660,31.47,0,0,0
914676,31.71,0,0,0
914692,31.97,0,0,0
914708,32.26,0,0,0
914724,33.03,0,0,0
914740,32.52,0,0,0
914756,33.31,0,0,0
914772,33.56,0,0,0
914788,33.56,0,0,0
914804,34.35,0,0,0
914820,34.61,0,0,0
914836,35.41,0,0,0
914852,35.67,0,0,0
914868,35.93,0,0,0
914884,36.19,0,0,0
914900,35.93,0,0,0
914916,36.19,0,0,0
914932,36.65,0,0,0
914948,36.43,0,0,0
914964,36.43,0,0,0
914980,36.43,0,0,0
914996,36.43,0,0,0
915012,36.43,0,0,0
915028,36.67,0,0,0
915044,36.19,0,0,0
915060,36.43,0,0,0
915076,36.19,0,0,0
915092,35.14,0,0,0
915108,34.88,0,0,0
915124,35.41,0,0,0
915140,35.14,0,0,0
915156,34.37,0,0,0
915172,34.90,0,0,0
915188,34.09,0,0,0
915204,33.31,0,0,0
915220,33.05,0,0,0
915236,32.26,0,0,0
915252,32.77,0,0,0
915268,31.98,0,0,0
915284,31.71,0,0,0
915300,31.45,0,0,0
915316,31.73,0,0,0
915332,30.68,0,0,0
915348,30.94,0,0,0
915364,30.41,0,0,0
915380,30.41,0,0,0
915396,30.41,0,0,0
915412,30.41,0,0,0
915428,30.92,0,0,0
915444,31.45,0,0,0
915460,31.20,0,0,0
915476,32.24,0,0,0
915492,31.20,0,0,0
915508,31.47,0,0,0
915524,32.26,0,0,0
915540,32.52,0,0,0
915556,33.31,0,0,0
915572,34.09,0,0,0
915588,33.56,0,0,0
915604,34.35,0,0,0
915620,34.35,0,0,0
915636,35.14,0,0,0
915652,35.95,0,0,0
915668,35.41,0,0,0
915684,35.67,0,0,0
915700,35.95,0,0,0
915716,36.20,0,0,0
915732,36.43,0,0,0
915748,36.20,0,0,0
915764,37.13,0,0,0
915780,36.43,0,0,0
915796,36.44,0,0,0
915812,36.91,0,0,0
915828,36.41,0,0,0
915844,37.59,0,0,0
915860,36.19,0,0,0
915876,36.89,0,0,0
915892,36.65,0,0,0
915908,36.41,0,0,0
915924,36.19,0,0,0
915940,35.93,0,0,0
915956,35.65,0,0,0
915972,34.88,0,0,0
915988,35.40,0,0,0
916004,34.63,0,0,0
916020,33.84,0,0,0
916036,33.84,0,0,0
916052,33.03,0,0,0
916068,33.58,0,0,0
916084,32.77,0,0,0
916100,32.52,0,0,0
916116,32.24,0,0,0
916132,31.98,0,0,0
916148,31.73,0,0,0
916164,30.66,0,0,0
916180,30.94,0,0,0
916196,30.92,0,0,0
916212,30.41,0,0,0
916228,30.41,0,0,0
916244,30.94,0,0,0
916260,30.92,0,0,0
916276,30.66,0,0,0
916292,31.20,0,0,0
916308,31.45,0,0,0
916324,31.73,0,0,0
916340,32.79,0,0,0
916356,32.24,0,0,0
916372,32.50,0,0,0
916388,32.77,0,0,0
916404,33.56,0,0,0
916420,33.05,0,0,0
916436,33.84,0,0,0
916452,34.09,0,0,0
916468,34.35,0,0,0
916484,35.14,0,0,0
916500,35.41,0,0,0
916516,35.14,0,0,0
916532,35.40,0,0,0
916548,35.67,0,0,0
916564,36.19,0,0,0
916580,35.93,0,0,0
916596,36.43,0,0,0
916612,36.41,0,0,0
916628,36.89,0,0,0
916644,36.43,0,0,0
916660,36.43,0,0,0
916676,35.93,0,0,0
916692,36.19,0,0,0
916708,35.65,0,0,0
916724,35.40,0,0,0
916740,35.67,0,0,0
916756,35.41,0,0,0
916772,35.14,0,0,0
916788,34.88,0,0,0
916804,34.09,0,0,0
916820,33.82,0,0,0
916836,33.03,0,0,0
916852,33.56,0,0,0
916868,32.77,0,0,0
916884,32.52,0,0,0
916900,32.24,0,0,0
916916,31.45,0,0,0
916932,31.20,0,0,0
916948,31.45,0,0,0
916964,31.21,0,0,0
916980,30.66,0,0,0
916996,30.94,0,0,0
917012,30.92,0,0,0
917028,30.41,0,0,0
917044,30.41,0,0,0
917060,30.92,0,0,0
917076,30.92,0,0,0
917092,30.66,0,0,0
917108,31.18,0,0,0
917124,31.45,0,0,0
917140,31.20,0,0,0
917156,31.45,0,0,0
917172,32.24,0,0,0
917188,32.52,0,0,0
917204,32.77,0,0,0
917220,33.56,0,0,0
917236,33.84,0,0,0
917252,33.84,0,0,0
917268,34.63,0,0,0
917284,34.87,0,0,0
917300,35.67,0,0,0
917316,35.93,0,0,0
917332,35.41,0,0,0
917348,36.43,0,0,0
917364,36.67,0,0,0
917380,36.43,0,0,0
917396,36.19,0,0,0
917412,37.59,0,0,0
917428,36.43,0,0,0
917444,36.43,0,0,0
917460,36.44,0,0,0
917476,36.43,0,0,0
917492,36.43,0,0,0
917508,36.67,0,0,0
917524,37.35,0,0,0
917540,35.93,0,0,0
917556,36.20,0,0,0
917572,35.95,0,0,0
917588,35.67,0,0,0
917604,34.88,0,0,0
917620,34.61,0,0,0
917636,35.14,0,0,0
917652,34.35,0,0,0
917668,34.08,0,0,0
917684,33.31,0,0,0
917700,33.82,0,0,0
917716,33.05,0,0,0
917732,32.77,0,0,0
917748,31.98,0,0,0
917764,31.73,0,0,0
917780,31.45,0,0,0
917796,31.73,0,0,0
917812,31.98,0,0,0
917828,31.47,0,0,0
917844,30.94,0,0,0
917860,30.94,0,0,0
917876,30.92,0,0,0
917892,30.94,0,0,0
917908,31.47,0,0,0
917924,31.98,0,0,0
917940,31.73,0,0,0
917956,31.45,0,0,0
917972,31.73,0,0,0
917988,31.45,0,0,0
918004,31.73,0,0,0
918020,32.00,0,0,0
918036,32.77,0,0,0
918052,33.05,0,0,0
918068,33.31,0,0,0
918084,33.58,0,0,0
918100,34.35,0,0,0
918116,34.63,0,0,0
918132,34.88,0,0,0
918148,34.63,0,0,0
918164,34.88,0,0,0
918180,35.16,0,0,0
918196,34.88,0,0,0
918212,35.41,0,0,0
918228,35.93,0,0,0
918244,35.67,0,0,0
918260,35.67,0,0,0
918276,36.20,0,0,0
918292,35.69,0,0,0
918308,35.67,0,0,0
918324,35.16,0,0,0
918340,35.41,0,0,0
918356,34.90,0,0,0
918372,35.16,0,0,0
918388,34.88,0,0,0
918404,35.14,0,0,0
918420,34.88,0,0,0
918436,34.63,0,0,0
918452,33.84,0,0,0
918468,33.56,0,0,0
918484,33.31,0,0,0
918500,32.52,0,0,0
918516,33.05,0,0,0
918532,32.77,0,0,0
918548,32.52,0,0,0
918564,32.24,0,0,0
918580,31.98,0,0,0
918596,30.92,0,0,0
918612,31.20,0,0,0
918628,30.66,0,0,0
918644,30.94,0,0,0
918660,30.94,0,0,0
918676,30.94,0,0,0
918692,30.92,0,0,0
918708,30.92,0,0,0
918724,31.45,0,0,0
918740,30.66,0,0,0
918756,31.71,0,0,0
918772,31.47,0,0,0
918788,31.73,0,0,0
918804,31.45,0,0,0
918820,31.73,0,0,0
918836,32.52,0,0,0
918852,32.77,0,0,0
918868,33.05,0,0,0
918884,33.82,0,0,0
918900,34.09,0,0,0
918916,34.88,0,0,0
918932,35.14,0,0,0
918948,34.63,0,0,0
918964,34.90,0,0,0
918980,35.14,0,0,0
918996,36.19,0,0,0
919012,36.43,0,0,0
919028,36.19,0,0,0
919044,35.93,0,0,0
919060,36.44,0,0,0
919076,36.89,0,0,0
919092,37.37,0,0,0
919108,37.35,0,0,0
919124,36.89,0,0,0
919140,36.43,0,0,0
919156,35.93,0,0,0
919172,36.20,0,0,0
919188,36.41,0,0,0
919204,35.40,0,0,0
919220,35.67,0,0,0
919236,35.41,0,0,0
919252,35.14,0,0,0
919268,34.35,0,0,0
919284,34.08,0,0,0
919300,34.63,0,0,0
919316,34.35,0,0,0
919332,33.55,0,0,0
919348,33.31,0,0,0
919364,32.52,0,0,0
919380,32.24,0,0,0
919396,31.98,0,0,0
919412,31.73,0,0,0
919428,31.45,0,0,0
919444,31.73,0,0,0
919460,31.20,0,0,0
919476,31.47,0,0,0
919492,30.94,0,0,0
919508,30.92,0,0,0
919524,30.94,0,0,0
919540,30.94,0,0,0
919556,30.66,0,0,0
919572,31.20,0,0,0
919588,31.71,0,0,0
919604,31.45,0,0,0
919620,31.71,0,0,0
919636,31.45,0,0,0
919652,31.73,0,0,0
919668,31.98,0,0,0
919684,32.26,0,0,0
919700,32.52,0,0,0
919716,32.77,0,0,0
919732,33.05,0,0,0
919748,33.31,0,0,0
919764,33.56,0,0,0
919780,34.63,0,0,0
919796,34.88,0,0,0
919812,34.61,0,0,0
919828,35.67,0,0,0
919844,35.41,0,0,0
919860,35.14,0,0,0
919876,35.67,0,0,0
919892,34.87,0,0,0
919908,36.19,0,0,0
919924,35.40,0,0,0
919940,36.19,0,0,0
919956,34.88,0,0,0
919972,35.16,0,0,0
919988,35.14,0,0,0
920004,35.41,0,0,0
920020,34.35,0,0,0
920036,34.63,0,0,0
920052,34.35,0,0,0
920068,34.09,0,0,0
920084,33.84,0,0,0
920100,33.56,0,0,0
920116,33.31,0,0,0
920132,33.05,0,0,0
920148,33.56,0,0,0
920164,33.31,0,0,0
920180,31.73,0,0,0
920196,31.47,0,0,0
920212,31.73,0,0,0
920228,31.45,0,0,0
920244,31.71,0,0,0
920260,31.20,0,0,0
920276,31.45,0,0,0
920292,30.92,0,0,0
920308,30.92,0,0,0
920324,30.94,0,0,0
920340,30.94,0,0,0
920356,31.47,0,0,0
920372,30.66,0,0,0
920388,31.20,0,0,0
920404,31.73,0,0,0
920420,31.45,0,0,0
920436,31.71,0,0,0
920452,31.97,0,0,0
920468,33.03,0,0,0
920484,33.29,0,0,0
920500,33.56,0,0,0
920516,33.03,0,0,0
920532,33.31,0,0,0
920548,33.56,0,0,0
920564,33.82,0,0,0
920580,34.09,0,0,0
920596,34.88,0,0,0
920612,34.63,0,0,0
920628,34.88,0,0,0
920644,35.14,0,0,0
920660,36.20,0,0,0
920676,35.93,0,0,0
920692,36.43,0,0,0
920708,35.69,0,0,0
920724,36.19,0,0,0
920740,36.19,0,0,0
920756,36.19,0,0,0
920772,36.19,0,0,0
920788,35.67,0,0,0
920804,36.43,0,0,0
920820,35.95,0,0,0
920836,36.19,0,0,0
920852,35.14,0,0,0
920868,34.88,0,0,0
920884,35.16,0,0,0
920900,34.88,0,0,0
920916,34.63,0,0,0
920932,33.84,0,0,0
920948,33.56,0,0,0
920964,33.31,0,0,0
920980,33.03,0,0,0
920996,32.79,0,0,0
921012,33.29,0,0,0
921028,33.03,0,0,0
921044,32.77,0,0,0
921060,32.52,0,0,0
921076,31.45,0,0,0
921092,31.73,0,0,0
921108,31.20,0,0,0
921124,31.45,0,0,0
921140,31.45,0,0,0
921156,30.94,0,0,0
921172,31.47,0,0,0
921188,31.45,0,0,0
921204,30.68,0,0,0
921220,31.20,0,0,0
921236,30.92,0,0,0
921252,31.47,0,0,0
921268,31.73,0,0,0
921284,31.45,0,0,0
921300,31.73,0,0,0
921316,32.77,0,0,0
921332,33.05,0,0,0
921348,33.31,0,0,0
921364,33.05,0,0,0
921380,33.31,0,0,0
921396,33.58,0,0,0
921412,34.63,0,0,0
921428,33.56,0,0,0
921444,34.63,0,0,0
921460,34.37,0,0,0
921476,34.09,0,0,0
921492,35.16,0,0,0
921508,34.37,0,0,0
921524,34.90,0,0,0
921540,35.41,0,0,0
921556,35.41,0,0,0
921572,35.41,0,0,0
921588,35.41,0,0,0
921604,34.88,0,0,0
921620,34.88,0,0,0
921636,35.14,0,0,0
921652,34.63,0,0,0
921668,34.88,0,0,0
921684,33.84,0,0,0
921700,34.09,0,0,0
921716,33.85,0,0,0
921732,33.58,0,0,0
921748,33.31,0,0,0
921764,33.05,0,0,0
921780,32.79,0,0,0
921796,32.53,0,0,0
921812,32.26,0,0,0
921828,31.98,0,0,0
921844,32.24,0,0,0
921860,32.00,0,0,0
921876,32.26,0,0,0
921892,31.20,0,0,0
921908,31.21,0,0,0
921924,31.47,0,0,0
921940,31.47,0,0,0
921956,30.94,0,0,0
921972,30.94,0,0,0
921988,31.45,0,0,0
922004,31.47,0,0,0
922020,31.20,0,0,0
922036,31.20,0,0,0
922052,30.94,0,0,0
922068,31.98,0,0,0
922084,31.73,0,0,0
922100,32.79,0,0,0
922116,31.73,0,0,0
922132,31.98,0,0,0
922148,32.24,0,0,0
922164,33.31,0,0,0
922180,33.56,0,0,0
922196,33.03,0,0,0
922212,34.09,0,0,0
922228,34.35,0,0,0
922244,34.63,0,0,0
922260,34.88,0,0,0
922276,34.63,0,0,0
922292,34.88,0,0,0
922308,35.93,0,0,0
922324,35.67,0,0,0
922340,36.19,0,0,0
922356,35.41,0,0,0
922372,35.93,0,0,0
922388,35.95,0,0,0
922404,35.93,0,0,0
922420,35.93,0,0,0
922436,35.41,0,0,0
922452,36.19,0,0,0
922468,35.14,0,0,0
922484,35.41,0,0,0
922500,34.88,0,0,0
922516,35.14,0,0,0
922532,34.88,0,0,0
922548,34.61,0,0,0
922564,34.37,0,0,0
922580,33.31,0,0,0
922596,33.03,0,0,0
922612,33.56,0,0,0
922628,33.31,0,0,0
922644,33.03,0,0,0
922660,32.77,0,0,0
922676,32.52,0,0,0
922692,32.24,0,0,0
922708,32.52,0,0,0
922724,31.47,0,0,0
922740,31.73,0,0,0
922756,31.20,0,0,0
922772,30.68,0,0,0
922788,31.45,0,0,0
922804,31.47,0,0,0
922820,31.47,0,0,0
922836,30.68,0,0,0
922852,31.20,0,0,0
922868,31.73,0,0,0
922884,30.94,0,0,0
922900,31.98,0,0,0
922916,31.73,0,0,0
922932,31.45,0,0,0
922948,32.52,0,0,0
922964,32.26,0,0,0
922980,32.52,0,0,0
922996,32.77,0,0,0
923012,32.52,0,0,0
923028,33.56,0,0,0
923044,33.82,0,0,0
923060,33.56,0,0,0
923076,33.31,0,0,0
923092,34.35,0,0,0
923108,34.09,0,0,0
923124,33.84,0,0,0
923140,34.35,0,0,0
923156,34.09,0,0,0
923172,34.61,0,0,0
923188,34.61,0,0,0
923204,34.63,0,0,0
923220,34.63,0,0,0
923236,34.61,0,0,0
923252,34.63,0,0,0
923268,34.09,0,0,0
923284,34.37,0,0,0
923300,33.84,0,0,0
923316,34.09,0,0,0
923332,34.37,0,0,0
923348,34.63,0,0,0
923364,33.56,0,0,0
923380,33.31,0,0,0
923396,33.05,0,0,0
923412,32.77,0,0,0
923428,33.03,0,0,0
923444,32.76,0,0,0
923460,32.52,0,0,0
923476,32.26,0,0,0
923492,31.73,0,0,0
923508,31.45,0,0,0
923524,31.73,0,0,0
923540,31.71,0,0,0
923556,31.20,0,0,0
923572,30.66,0,0,0
923588,30.66,0,0,0
923604,31.45,0,0,0
923620,31.47,0,0,0
923636,30.66,0,0,0
923652,30.66,0,0,0
923668,31.20,0,0,0
923684,31.71,0,0,0
923700,32.24,0,0,0
923716,31.98,0,0,0
923732,31.73,0,0,0
923748,31.45,0,0,0
923764,31.71,0,0,0
923780,32.77,0,0,0
923796,33.03,0,0,0
923812,32.77,0,0,0
923828,33.03,0,0,0
923844,33.29,0,0,0
923860,33.58,0,0,0
923876,34.63,0,0,0
923892,34.88,0,0,0
923908,34.63,0,0,0
923924,34.88,0,0,0
923940,34.61,0,0,0
923956,35.65,0,0,0
923972,34.88,0,0,0
923988,35.95,0,0,0
924004,35.16,0,0,0
924020,35.14,0,0,0
924036,35.67,0,0,0
924052,35.69,0,0,0
924068,35.14,0,0,0
924084,35.16,0,0,0
924100,34.61,0,0,0
924116,34.88,0,0,0
924132,35.14,0,0,0
924148,34.63,0,0,0
924164,34.35,0,0,0
924180,34.61,0,0,0
924196,34.88,0,0,0
924212,34.61,0,0,0
924228,34.35,0,0,0
924244,33.31,0,0,0
924260,33.03,0,0,0
924276,32.77,0,0,0
924292,32.52,0,0,0
924308,32.24,0,0,0
924324,32.50,0,0,0
924340,32.24,0,0,0
924356,32.52,0,0,0
924372,31.47,0,0,0
924388,31.71,0,0,0
924404,31.20,0,0,0
924420,31.20,0,0,0
924436,30.68,0,0,0
924452,30.66,0,0,0
924468,30.66,0,0,0
924484,32.00,0,0,0
924500,31.20,0,0,0
924516,31.71,0,0,0
924532,30.94,0,0,0
924548,31.98,0,0,0
924564,31.71,0,0,0
924580,32.26,0,0,0
924596,31.98,0,0,0
924612,32.24,0,0,0
924628,31.97,0,0,0
924644,33.05,0,0,0
924660,32.77,0,0,0
924676,32.50,0,0,0
924692,33.55,0,0,0
924708,33.31,0,0,0
924724,33.56,0,0,0
924740,34.09,0,0,0
924756,33.84,0,0,0
924772,33.56,0,0,0
924788,34.09,0,0,0
924804,34.63,0,0,0
924820,33.82,0,0,0
924836,35.14,0,0,0
924852,34.37,0,0,0
924868,34.35,0,0,0
924884,33.84,0,0,0
924900,34.61,0,0,0
924916,34.63,0,0,0
924932,34.09,0,0,0
924948,34.37,0,0,0
924964,33.84,0,0,0
924980,34.09,0,0,0
924996,33.05,0,0,0
925012,33.31,0,0,0
925028,33.05,0,0,0
925044,33.31,0,0,0
925060,33.05,0,0,0
925076,32.00,0,0,0
925092,32.26,0,0,0
925108,32.00,0,0,0
925124,32.26,0,0,0
925140,32.00,0,0,0
925156,31.47,0,0,0
925172,31.73,0,0,0
925188,31.73,0,0,0
925204,31.21,0,0,0
925220,31.98,0,0,0
925236,30.66,0,0,0
925252,30.68,0,0,0
925268,30.66,0,0,0
925284,31.18,0,0,0
925300,31.20,0,0,0
925316,31.20,0,0,0
925332,31.73,0,0,0
925348,31.45,0,0,0
925364,31.98,0,0,0
925380,31.73,0,0,0
925396,31.47,0,0,0
925412,32.52,0,0,0
925428,32.26,0,0,0
925444,32.52,0,0,0
925460,32.26,0,0,0
925476,33.31,0,0,0
925492,33.58,0,0,0
925508,33.84,0,0,0
925524,33.58,0,0,0
925540,33.84,0,0,0
925556,34.88,0,0,0
925572,34.63,0,0,0
925588,34.37,0,0,0
925604,35.40,0,0,0
925620,34.61,0,0,0
925636,35.16,0,0,0
925652,35.67,0,0,0
925668,34.88,0,0,0
925684,34.90,0,0,0
925700,34.88,0,0,0
925716,35.67,0,0,0
925732,35.67,0,0,0
925748,35.16,0,0,0
925764,34.61,0,0,0
925780,34.88,0,0,0
925796,35.16,0,0,0
925812,34.09,0,0,0
925828,34.35,0,0,0
925844,34.63,0,0,0
925860,33.56,0,0,0
925876,33.31,0,0,0
925892,33.58,0,0,0
925908,33.32,0,0,0
925924,33.03,0,0,0
925940,31.98,0,0,0
925956,32.26,0,0,0
925972,31.98,0,0,0
925988,32.26,0,0,0
926004,32.52,0,0,0
926020,31.45,0,0,0
926036,31.73,0,0,0
926052,31.73,0,0,0
926068,31.21,0,0,0
926084,31.20,0,0,0
926100,31.20,0,0,0
926116,31.21,0,0,0
926132,31.20,0,0,0
926148,31.20,0,0,0
926164,31.73,0,0,0
926180,32.24,0,0,0
926196,31.47,0,0,0
926212,31.20,0,0,0
926228,32.24,0,0,0
926244,32.00,0,0,0
926260,31.73,0,0,0
926276,32.26,0,0,0
926292,33.31,0,0,0
926308,33.03,0,0,0
926324,32.77,0,0,0
926340,32.52,0,0,0
926356,33.56,0,0,0
926372,33.31,0,0,0
926388,33.82,0,0,0
926404,33.56,0,0,0
926420,34.09,0,0,0
926436,34.63,0,0,0
926452,33.82,0,0,0
926468,34.37,0,0,0
926484,34.35,0,0,0
926500,33.58,0,0,0
926516,33.56,0,0,0
926532,34.37,0,0,0
926548,34.37,0,0,0
926564,33.84,0,0,0
926580,33.84,0,0,0
926596,34.09,0,0,0
926612,33.56,0,0,0
926628,33.84,0,0,0
926644,34.09,0,0,0
926660,33.03,0,0,0
926676,33.31,0,0,0
926692,33.56,0,0,0
926708,32.52,0,0,0
926724,32.26,0,0,0
926740,32.52,0,0,0
926756,32.00,0,0,0
926772,31.73,0,0,0
926788,31.21,0,0,0
926804,31.47,0,0,0
926820,32.24,0,0,0
926836,31.73,0,0,0
926852,31.20,0,0,0
926868,31.20,0,0,0
926884,31.20,0,0,0
926900,31.20,0,0,0
926916,31.20,0,0,0
926932,31.20,0,0,0
926948,31.20,0,0,0
926964,31.20,0,0,0
926980,30.94,0,0,0
926996,31.45,0,0,0
927012,31.98,0,0,0
927028,31.73,0,0,0
927044,32.26,0,0,0
927060,31.98,0,0,0
927076,33.05,0,0,0
927092,32.79,0,0,0
927108,32.52,0,0,0
927124,32.77,0,0,0
927140,33.84,0,0,0
927156,33.56,0,0,0
927172,33.84,0,0,0
927188,33.56,0,0,0
927204,33.84,0,0,0
927220,34.35,0,0,0
927236,34.09,0,0,0
927252,35.16,0,0,0
927268,34.35,0,0,0
927284,34.88,0,0,0
927300,35.40,0,0,0
927316,34.63,0,0,0
927332,34.63,0,0,0
927348,35.41,0,0,0
927364,34.63,0,0,0
927380,34.88,0,0,0
927396,34.90,0,0,0
927412,34.35,0,0,0
927428,34.61,0,0,0
927444,34.09,0,0,0
927460,34.35,0,0,0
927476,33.31,0,0,0
927492,33.58,0,0,0
927508,33.84,0,0,0
927524,32.77,0,0,0
927540,33.03,0,0,0
927556,32.79,0,0,0
927572,33.05,0,0,0
927588,31.98,0,0,0
927604,33.03,0,0,0
927620,31.98,0,0,0
927636,32.22,0,0,0
927652,32.50,0,0,0
927668,31.47,0,0,0
927684,32.26,0,0,0
927700,31.73,0,0,0
927716,31.20,0,0,0
927732,31.20,0,0,0
927748,31.20,0,0,0
927764,31.18,0,0,0
927780,31.20,0,0,0
927796,31.20,0,0,0
927812,31.73,0,0,0
927828,30.92,0,0,0
927844,31.45,0,0,0
927860,31.20,0,0,0
927876,31.73,0,0,0
927892,31.47,0,0,0
927908,32.00,0,0,0
927924,31.73,0,0,0
927940,32.26,0,0,0
927956,31.98,0,0,0
927972,33.03,0,0,0
927988,32.77,0,0,0
928004,33.31,0,0,0
928020,33.05,0,0,0
928036,33.58,0,0,0
928052,33.31,0,0,0
928068,33.84,0,0,0
928084,33.05,0,0,0
928100,33.56,0,0,0
928116,34.09,0,0,0
928132,34.09,0,0,0
928148,33.31,0,0,0
928164,33.31,0,0,0
928180,33.31,0,0,0
928196,34.11,0,0,0
928212,33.56,0,0,0
928228,33.56,0,0,0
928244,33.03,0,0,0
928260,33.31,0,0,0
928276,33.58,0,0,0
928292,33.03,0,0,0
928308,33.31,0,0,0
928324,32.79,0,0,0
928340,33.05,0,0,0
928356,32.00,0,0,0
928372,32.26,0,0,0
928388,32.53,0,0,0
928404,32.79,0,0,0
928420,31.73,0,0,0
928436,31.20,0,0,0
928452,31.47,0,0,0
928468,31.47,0,0,0
928484,30.94,0,0,0
928500,31.73,0,0,0
928516,31.71,0,0,0
928532,31.20,0,0,0
928548,31.20,0,0,0
928564,31.20,0,0,0
928580,31.20,0,0,0
928596,31.20,0,0,0
928612,31.71,0,0,0
928628,30.94,0,0,0
928644,31.45,0,0,0
928660,31.45,0,0,0
928676,31.20,0,0,0
928692,31.73,0,0,0
928708,32.77,0,0,0
928724,32.52,0,0,0
928740,32.24,0,0,0
928756,33.31,0,0,0
928772,33.03,0,0,0
928788,33.31,0,0,0
928804,33.05,0,0,0
928820,33.31,0,0,0
928836,33.03,0,0,0
928852,33.58,0,0,0
928868,33.82,0,0,0
928884,34.35,0,0,0
928900,34.88,0,0,0
928916,34.09,0,0,0
928932,34.63,0,0,0
928948,35.14,0,0,0
928964,35.14,0,0,0
928980,35.67,0,0,0
928996,34.35,0,0,0
929012,35.14,0,0,0
929028,34.35,0,0,0
929044,33.84,0,0,0
929060,33.31,0,0,0
929076,33.56,0,0,0
929092,34.35,0,0,0
929108,34.61,0,0,0
929124,34.87,0,0,0
929140,32.50,0,0,0
929156,33.31,0,0,0
929172,33.05,0,0,0
929188,33.31,0,0,0
929204,32.77,0,0,0
929220,32.52,0,0,0
929236,32.76,0,0,0
929252,33.03,0,0,0
929268,31.98,0,0,0
929284,32.24,0,0,0
929300,32.50,0,0,0
929316,31.45,0,0,0
929332,32.24,0,0,0
929348,31.71,0,0,0
929364,31.71,0,0,0
929380,31.20,0,0,0
929396,31.20,0,0,0
929412,31.20,0,0,0
929428,31.18,0,0,0
929444,31.20,0,0,0
929460,31.73,0,0,0
929476,30.92,0,0,0
929492,31.45,0,0,0
929508,31.98,0,0,0
929524,31.18,0,0,0
929540,31.71,0,0,0
929556,31.45,0,0,0
929572,31.98,0,0,0
929588,32.52,0,0,0
929604,32.26,0,0,0
929620,32.77,0,0,0
929636,32.50,0,0,0
929652,33.03,0,0,0
929668,32.77,0,0,0
929684,33.31,0,0,0
929700,33.03,0,0,0
929716,33.56,0,0,0
929732,34.09,0,0,0
929748,33.31,0,0,0
929764,33.84,0,0,0
929780,33.05,0,0,0
929796,33.03,0,0,0
929812,33.05,0,0,0
929828,33.05,0,0,0
929844,33.84,0,0,0
929860,33.82,0,0,0
929876,33.31,0,0,0
929892,33.31,0,0,0
929908,33.58,0,0,0
929924,33.05,0,0,0
929940,32.52,0,0,0
929956,32.77,0,0,0
929972,32.26,0,0,0
929988,32.52,0,0,0
930004,32.77,0,0,0
930020,32.24,0,0,0
930036,32.52,0,0,0
930052,32.77,0,0,0
930068,32.24,0,0,0
930084,32.52,0,0,0
930100,31.98,0,0,0
930116,31.45,0,0,0
930132,32.26,0,0,0
930148,30.92,0,0,0
930164,31.71,0,0,0
930180,31.73,0,0,0
930196,31.20,0,0,0
930212,31.20,0,0,0
930228,31.20,0,0,0
930244,31.20,0,0,0
930260,31.20,0,0,0
930276,31.71,0,0,0
930292,32.24,0,0,0
930308,31.45,0,0,0
930324,31.98,0,0,0
930340,31.73,0,0,0
930356,32.24,0,0,0
930372,31.98,0,0,0
930388,32.50,0,0,0
930404,32.77,0,0,0
930420,32.52,0,0,0
930436,33.56,0,0,0
930452,32.50,0,0,0
930468,33.05,0,0,0
930484,33.31,0,0,0
930500,33.84,0,0,0
930516,33.56,0,0,0
930532,34.09,0,0,0
930548,33.84,0,0,0
930564,34.35,0,0,0
930580,34.37,0,0,0
930596,34.88,0,0,0
930612,34.11,0,0,0
930628,34.09,0,0,0
930644,34.09,0,0,0
930660,34.09,0,0,0
930676,34.88,0,0,0
930692,34.88,0,0,0
930708,34.35,0,0,0
930724,33.84,0,0,0
930740,34.63,0,0,0
930756,34.88,0,0,0
930772,33.84,0,0,0
930788,33.31,0,0,0
930804,32.77,0,0,0
930820,33.82,0,0,0
930836,33.31,0,0,0
930852,32.26,0,0,0
930868,32.52,0,0,0
930884,32.79,0,0,0
930900,32.52,0,0,0
930916,31.98,0,0,0
930932,31.73,0,0,0
930948,32.52,0,0,0
930964,31.45,0,0,0
930980,31.45,0,0,0
930996,30.92,0,0,0
931012,31.20,0,0,0
931028,31.21,0,0,0
931044,31.18,0,0,0
931060,31.20,0,0,0
931076,31.20,0,0,0
931092,31.20,0,0,0
931108,31.20,0,0,0
931124,31.71,0,0,0
931140,30.94,0,0,0
931156,31.45,0,0,0
931172,31.97,0,0,0
931188,31.20,0,0,0
931204,31.71,0,0,0
931220,32.24,0,0,0
931236,32.77,0,0,0
931252,31.98,0,0,0
931268,31.73,0,0,0
931284,32.26,0,0,0
931300,32.77,0,0,0
931316,32.52,0,0,0
931332,33.05,0,0,0
931348,32.79,0,0,0
931364,32.52,0,0,0
931380,33.05,0,0,0
931396,33.05,0,0,0
931412,33.56,0,0,0
931428,32.77,0,0,0
931444,34.09,0,0,0
931460,33.31,0,0,0
931476,33.31,0,0,0
931492,33.31,0,0,0
931508,32.79,0,0,0
931524,32.79,0,0,0
931540,33.56,0,0,0
931556,33.07,0,0,0
931572,32.53,0,0,0
931588,32.79,0,0,0
931604,33.58,0,0,0
931620,33.05,0,0,0
931636,32.52,0,0,0
931652,32.77,0,0,0
931668,33.03,0,0,0
931684,31.98,0,0,0
931700,31.47,0,0,0
931716,32.26,0,0,0
931732,31.73,0,0,0
931748,32.00,0,0,0
931764,31.47,0,0,0
931780,31.47,0,0,0
931796,30.94,0,0,0
931812,31.74,0,0,0
931828,31.73,0,0,0
931844,31.20,0,0,0
931860,31.21,0,0,0
931876,31.20,0,0,0
931892,31.21,0,0,0
931908,31.20,0,0,0
931924,31.73,0,0,0
931940,31.73,0,0,0
931956,32.24,0,0,0
931972,31.45,0,0,0
931988,31.98,0,0,0
932004,31.73,0,0,0
932020,32.24,0,0,0
932036,31.98,0,0,0
932052,33.05,0,0,0
932068,32.77,0,0,0
932084,33.03,0,0,0
932100,32.79,0,0,0
932116,32.52,0,0,0
932132,33.03,0,0,0
932148,32.77,0,0,0
932164,33.84,0,0,0
932180,34.37,0,0,0
932196,33.56,0,0,0
932212,34.09,0,0,0
932228,34.63,0,0,0
932244,33.84,0,0,0
932260,33.84,0,0,0
932276,34.35,0,0,0
932292,34.35,0,0,0
932308,34.35,0,0,0
932324,33.84,0,0,0
932340,33.82,0,0,0
932356,33.31,0,0,0
932372,34.09,0,0,0
932388,34.88,0,0,0
932404,33.84,0,0,0
932420,32.52,0,0,0
932436,34.09,0,0,0
932452,34.35,0,0,0
932468,32.52,0,0,0
932484,32.77,0,0,0
932500,33.05,0,0,0
932516,31.98,0,0,0
932532,32.24,0,0,0
932548,32.52,0,0,0
932564,32.26,0,0,0
932580,31.73,0,0,0
932596,31.98,0,0,0
932612,31.45,0,0,0
932628,30.94,0,0,0
932644,31.73,0,0,0
932660,31.20,0,0,0
932676,31.20,0,0,0
932692,32.00,0,0,0
932708,30.68,0,0,0
932724,30.68,0,0,0
932740,31.98,0,0,0
932756,31.20,0,0,0
932772,31.20,0,0,0
932788,31.73,0,0,0
932804,30.94,0,0,0
932820,31.47,0,0,0
932836,31.47,0,0,0
932852,31.20,0,0,0
932868,31.73,0,0,0
932884,31.73,0,0,0
932900,32.24,0,0,0
932916,31.98,0,0,0
932932,32.52,0,0,0
932948,32.26,0,0,0
932964,32.79,0,0,0
932980,32.52,0,0,0
932996,33.05,0,0,0
933012,32.79,0,0,0
933028,33.31,0,0,0
933044,32.52,0,0,0
933060,33.05,0,0,0
933076,33.03,0,0,0
933092,33.56,0,0,0
933108,33.56,0,0,0
933124,33.56,0,0,0
933140,33.58,0,0,0
933156,33.58,0,0,0
933172,33.05,0,0,0
933188,33.05,0,0,0
933204,32.52,0,0,0
933220,33.32,0,0,0
933236,32.77,0,0,0
933252,32.26,0,0,0
933268,32.52,0,0,0
933284,31.98,0,0,0
933300,32.26,0,0,0
933316,31.73,0,0,0
933332,31.98,0,0,0
933348,31.47,0,0,0
933364,32.24,0,0,0
933380,31.74,0,0,0
933396,31.20,0,0,0
933412,31.47,0,0,0
933428,31.47,0,0,0
933444,30.94,0,0,0
933460,30.92,0,0,0
933476,31.73,0,0,0
933492,31.21,0,0,0
933508,31.21,0,0,0
933524,31.20,0,0,0
933540,31.20,0,0,0
933556,31.20,0,0,0
933572,31.21,0,0,0
933588,31.20,0,0,0
933604,31.73,0,0,0
933620,32.24,0,0,0
933636,31.47,0,0,0
933652,32.52,0,0,0
933668,31.73,0,0,0
933684,32.77,0,0,0
933700,32.52,0,0,0
933716,32.26,0,0,0
933732,31.98,0,0,0
933748,33.05,0,0,0
933764,32.77,0,0,0
933780,32.52,0,0,0
933796,33.05,0,0,0
933812,33.58,0,0,0
933828,33.31,0,0,0
933844,33.03,0,0,0
933860,34.35,0,0,0
933876,33.56,0,0,0
933892,34.08,0,0,0
933908,34.61,0,0,0
933924,33.82,0,0,0
933940,34.63,0,0,0
933956,32.52,0,0,0
933972,32.50,0,0,0
933988,32.52,0,0,0
934004,31.71,0,0,0
934020,31.73,0,0,0
934036,33.05,0,0,0
934052,33.84,0,0,0
934068,33.29,0,0,0
934084,33.56,0,0,0
934100,33.03,0,0,0
934116,33.29,0,0,0
934132,32.26,0,0,0
934148,32.52,0,0,0
934164,32.79,0,0,0
934180,33.03,0,0,0
934196,31.98,0,0,0
934212,32.24,0,0,0
934228,31.73,0,0,0
934244,32.00,0,0,0
934260,31.47,0,0,0
934276,30.94,0,0,0
934292,31.21,0,0,0
934308,31.20,0,0,0
934324,31.98,0,0,0
934340,30.66,0,0,0
934356,30.68,0,0,0
934372,30.66,0,0,0
934388,30.66,0,0,0
934404,30.66,0,0,0
934420,31.20,0,0,0
934436,31.20,0,0,0
934452,31.73,0,0,0
934468,30.92,0,0,0
934484,31.45,0,0,0
934500,31.45,0,0,0
934516,31.97,0,0,0
934532,32.52,0,0,0
934548,31.73,0,0,0
934564,32.26,0,0,0
934580,32.00,0,0,0
934596,32.52,0,0,0
934612,32.26,0,0,0
934628,32.77,0,0,0
934644,32.52,0,0,0
934660,33.05,0,0,0
934676,32.77,0,0,0
934692,32.77,0,0,0
934708,33.31,0,0,0
934724,32.52,0,0,0
934740,33.05,0,0,0
934756,33.03,0,0,0
934772,33.03,0,0,0
934788,33.05,0,0,0
934804,33.03,0,0,0
934820,33.03,0,0,0
934836,32.52,0,0,0
934852,33.31,0,0,0
934868,32.77,0,0,0
934884,32.24,0,0,0
934900,33.03,0,0,0
934916,32.52,0,0,0
934932,31.97,0,0,0
934948,32.24,0,0,0
934964,31.71,0,0,0
934980,31.98,0,0,0
934996,31.45,0,0,0
935012,31.73,0,0,0
935028,32.52,0,0,0
935044,32.00,0,0,0
935060,31.45,0,0,0
935076,31.45,0,0,0
935092,30.94,0,0,0
935108,31.71,0,0,0
935124,31.20,0,0,0
935140,31.20,0,0,0
935156,31.98,0,0,0
935172,30.66,0,0,0
935188,30.66,0,0,0
935204,30.66,0,0,0
935220,31.98,0,0,0
935236,31.20,0,0,0
935252,31.20,0,0,0
935268,31.73,0,0,0
935284,31.45,0,0,0
935300,32.00,0,0,0
935316,31.73,0,0,0
935332,32.24,0,0,0
935348,32.00,0,0,0
935364,33.05,0,0,0
935380,32.77,0,0,0
935396,32.52,0,0,0
935412,33.03,0,0,0
935428,32.79,0,0,0
935444,32.52,0,0,0
935460,33.03,0,0,0
935476,33.56,0,0,0
935492,33.29,0,0,0
935508,33.82,0,0,0
935524,33.05,0,0,0
935540,32.24,0,0,0
935556,33.56,0,0,0
935572,32.24,0,0,0
935588,32.24,0,0,0
935604,33.56,0,0,0
935620,32.77,0,0,0
935636,31.98,0,0,0
935652,34.37,0,0,0
935668,33.03,0,0,0
935684,33.82,0,0,0
935700,33.29,0,0,0
935716,33.56,0,0,0
935732,33.03,0,0,0
935748,32.50,0,0,0
935764,32.77,0,0,0
935780,33.05,0,0,0
935796,31.98,0,0,0
935812,32.26,0,0,0
935828,32.52,0,0,0
935844,32.77,0,0,0
935860,31.73,0,0,0
935876,31.20,0,0,0
935892,31.47,0,0,0
935908,32.24,0,0,0
935924,31.71,0,0,0
935940,31.20,0,0,0
935956,31.98,0,0,0
935972,30.66,0,0,0
935988,31.45,0,0,0
936004,31.45,0,0,0
936020,31.47,0,0,0
936036,31.45,0,0,0
936052,31.45,0,0,0
936068,30.66,0,0,0
936084,31.20,0,0,0
936100,31.20,0,0,0
936116,31.20,0,0,0
936132,31.71,0,0,0
936148,30.94,0,0,0
936164,31.45,0,0,0
936180,31.98,0,0,0
936196,32.50,0,0,0
936212,31.73,0,0,0
936228,32.77,0,0,0
936244,31.98,0,0,0
936260,33.05,0,0,0
936276,32.26,0,0,0
936292,31.98,0,0,0
936308,32.52,0,0,0
936324,32.24,0,0,0
936340,32.77,0,0,0
936356,32.77,0,0,0
936372,33.31,0,0,0
936388,32.52,0,0,0
936404,32.52,0,0,0
936420,33.82,0,0,0
936436,32.52,0,0,0
936452,32.53,0,0,0
936468,32.52,0,0,0
936484,33.31,0,0,0
936500,32.79,0,0,0
936516,33.56,0,0,0
936532,33.05,0,0,0
936548,32.52,0,0,0
936564,31.98,0,0,0
936580,32.79,0,0,0
936596,32.26,0,0,0
936612,32.53,0,0,0
936628,31.98,0,0,0
936644,32.26,0,0,0
936660,31.73,0,0,0
936676,31.20,0,0,0
936692,32.00,0,0,0
936708,31.47,0,0,0
936724,30.92,0,0,0
936740,31.73,0,0,0
936756,31.20,0,0,0
936772,31.20,0,0,0
936788,30.66,0,0,0
936804,31.47,0,0,0
936820,31.45,0,0,0
936836,31.45,0,0,0
936852,31.47,0,0,0
936868,31.47,0,0,0
936884,31.98,0,0,0
936900,31.18,0,0,0
936916,31.71,0,0,0
936932,30.94,0,0,0
936948,31.45,0,0,0
936964,31.20,0,0,0
936980,31.73,0,0,0
936996,32.77,0,0,0
937012,32.52,0,0,0
937028,32.24,0,0,0
937044,31.98,0,0,0
937060,33.03,0,0,0
937076,33.56,0,0,0
937092,31.98,0,0,0
937108,33.84,0,0,0
937124,33.05,0,0,0
937140,32.77,0,0,0
937156,34.09,0,0,0
937172,33.84,0,0,0
937188,32.24,0,0,0
937204,33.56,0,0,0
937220,33.56,0,0,0
937236,33.58,0,0,0
937252,33.56,0,0,0
937268,33.56,0,0,0
937284,34.35,0,0,0
